DurationMonth,CreditAmount,score,age25,query_id,doc_id
0.029411765,0.212886541,0.815386362,1.0,1.0,1.0
0.20588235300000002,0.877682403,0.798406557,0.0,1.0,2.0
0.20588235300000002,0.97248817,0.780768275,0.0,1.0,3.0
0.117647059,0.980246506,0.749229104,0.0,1.0,4.0
0.382352941,0.601903819,0.7471150209999999,0.0,1.0,5.0
0.117647059,0.871849895,0.746140102,0.0,1.0,6.0
0.117647059,0.979366127,0.7261370819999999,0.0,1.0,8.0
0.117647059,0.657862881,0.723936135,0.0,1.0,9.0
0.073529412,0.928524265,0.720548153,0.0,1.0,10.0
0.20588235300000002,0.9294046440000001,0.719016373,0.0,1.0,11.0
0.117647059,0.903983713,0.716905903,0.0,1.0,12.0
0.029411765,0.9948828000000002,0.716410314,0.0,1.0,13.0
0.117647059,0.940574447,0.7100983240000001,0.0,1.0,16.0
0.294117647,0.651755255,0.7077445760000001,0.0,1.0,18.0
0.161764706,0.912237262,0.7071624249999999,0.0,1.0,19.0
0.20588235300000002,0.8823043909999999,0.704523396,0.0,1.0,21.0
0.117647059,0.9436557720000001,0.701773117,0.0,1.0,23.0
0.20588235300000002,0.900902388,0.701063304,0.0,1.0,24.0
0.029411765,0.955981072,0.7003920299999999,0.0,1.0,25.0
0.382352941,0.35358204,0.700291166,0.0,1.0,26.0
0.470588235,0.516672169,0.700044576,0.0,1.0,27.0
0.294117647,0.841917024,0.695621456,0.0,1.0,30.0
0.20588235300000002,0.951524155,0.691645301,0.0,1.0,31.0
0.117647059,0.93265104,0.688316633,0.0,1.0,32.0
0.294117647,0.889677561,0.686735775,0.0,1.0,33.0
0.33823529399999996,0.874656102,0.681322531,0.0,1.0,36.0
0.117647059,0.942500275,0.678732279,0.0,1.0,38.0
0.029411765,0.947507428,0.6787127079999999,0.0,1.0,39.0
0.470588235,0.882579509,0.67848042,0.0,1.0,40.0
0.294117647,0.9476724990000001,0.675946019,0.0,1.0,41.0
0.25,0.871794872,0.6750149080000001,0.0,1.0,43.0
0.294117647,0.7105205240000001,0.673555689,0.0,1.0,44.0
0.470588235,0.409926268,0.67339265,0.0,1.0,45.0
0.117647059,0.847749532,0.6731045099999999,0.0,1.0,46.0
0.088235294,0.796467481,0.672613437,0.0,1.0,47.0
0.294117647,0.635633322,0.6719843160000001,0.0,1.0,48.0
0.117647059,0.8955100690000001,0.6719707669999999,0.0,1.0,49.0
0.294117647,0.866347529,0.6678204320000001,0.0,1.0,52.0
0.073529412,0.963244195,0.667577003,0.0,1.0,53.0
0.20588235300000002,0.29976890100000003,0.6656152710000001,0.0,1.0,54.0
0.294117647,0.8853857159999999,0.664278444,0.0,1.0,56.0
0.20588235300000002,0.933806537,0.66393385,0.0,1.0,57.0
0.470588235,0.14124573599999998,0.661364222,0.0,1.0,58.0
0.25,0.829041488,0.659713212,0.0,1.0,60.0
0.117647059,0.9628040059999999,0.659450965,0.0,1.0,61.0
0.294117647,0.913447783,0.659057594,0.0,1.0,62.0
0.294117647,0.666336525,0.658520154,0.0,1.0,63.0
0.029411765,0.97474414,0.6581415370000001,0.0,1.0,64.0
0.132352941,0.9148783979999999,0.657879441,0.0,1.0,65.0
0.029411765,0.976174755,0.657875376,0.0,1.0,66.0
0.117647059,0.971772862,0.65778234,0.0,1.0,67.0
0.294117647,0.9224716629999999,0.657378733,0.0,1.0,69.0
0.029411765,0.938153406,0.657197178,0.0,1.0,70.0
0.294117647,0.8003741609999999,0.656838733,0.0,1.0,71.0
0.470588235,0.749917465,0.656650102,0.0,1.0,72.0
0.029411765,0.962528887,0.652662204,0.0,1.0,74.0
0.161764706,0.955816001,0.6525431239999999,0.0,1.0,75.0
0.117647059,0.8876416859999999,0.650178838,0.0,1.0,76.0
0.20588235300000002,0.76097722,0.649576514,0.0,1.0,78.0
0.088235294,0.930064928,0.647758098,0.0,1.0,80.0
0.117647059,0.817596567,0.647706612,0.0,1.0,81.0
0.20588235300000002,0.942500275,0.6468125339999999,0.0,1.0,82.0
0.117647059,0.90800044,0.646391163,0.0,1.0,83.0
0.117647059,0.9114119070000001,0.645756471,0.0,1.0,84.0
0.161764706,0.9159238470000001,0.644461044,0.0,1.0,86.0
0.20588235300000002,0.955705954,0.644355664,0.0,1.0,87.0
0.161764706,0.636843843,0.64211934,0.0,1.0,89.0
0.20588235300000002,0.845988775,0.641512348,0.0,1.0,90.0
0.294117647,0.883955101,0.641288791,0.0,1.0,91.0
0.044117647,0.88560581,0.640981682,0.0,1.0,92.0
0.6323529410000001,0.423792231,0.640717177,0.0,1.0,93.0
0.029411765,0.9852536590000001,0.640682402,0.0,1.0,94.0
0.470588235,0.794211511,0.640657412,0.0,1.0,95.0
0.058823529000000006,0.963849455,0.639192623,0.0,1.0,97.0
0.029411765,0.928854407,0.63567141,0.0,1.0,98.0
0.117647059,0.9737537140000001,0.634157996,0.0,1.0,99.0
0.117647059,0.9751843290000001,0.633891835,0.0,1.0,100.0
0.25,0.8861560470000001,0.6335833710000001,0.0,1.0,101.0
0.161764706,0.933476395,0.633443516,0.0,1.0,102.0
0.117647059,0.978540773,0.6332673799999999,0.0,1.0,103.0
0.33823529399999996,0.7647188290000001,0.632008535,0.0,1.0,104.0
0.294117647,0.854407395,0.631282163,0.0,1.0,105.0
0.382352941,0.7257620779999999,0.6310483689999999,0.0,1.0,106.0
0.117647059,0.9500385170000001,0.6308181879999999,0.0,1.0,107.0
0.294117647,0.940409376,0.6307856700000001,0.0,1.0,108.0
0.294117647,0.90018708,0.6305169500000001,0.0,1.0,109.0
0.20588235300000002,0.906954991,0.630169797,0.0,1.0,110.0
0.294117647,0.945031363,0.6299257650000001,0.0,1.0,111.0
0.161764706,0.829811819,0.6294741349999999,0.0,1.0,112.0
0.058823529000000006,0.93595246,0.6288788860000001,0.0,1.0,113.0
0.470588235,0.405524375,0.627699979,0.0,1.0,114.0
0.073529412,0.937383075,0.625876747,0.0,1.0,115.0
0.117647059,0.899691868,0.6246811299999999,0.0,1.0,116.0
0.117647059,0.902167932,0.624220467,0.0,1.0,118.0
0.20588235300000002,0.8561681520000001,0.624114635,0.0,1.0,119.0
0.470588235,0.804445912,0.623249461,0.0,1.0,120.0
0.20588235300000002,0.820677891,0.622965536,0.0,1.0,121.0
0.382352941,0.7799603829999999,0.620964963,0.0,1.0,122.0
0.117647059,0.672664246,0.620407199,0.0,1.0,123.0
0.117647059,0.927148674,0.619572887,0.0,1.0,124.0
0.20588235300000002,0.966105425,0.619165065,0.0,1.0,125.0
0.117647059,0.93160559,0.618743693,0.0,1.0,127.0
0.073529412,0.93551227,0.618472865,0.0,1.0,128.0
0.382352941,0.9193903379999999,0.61828032,0.0,1.0,129.0
0.029411765,0.981291956,0.618163649,0.0,1.0,130.0
0.029411765,0.900242104,0.617738815,0.0,1.0,132.0
0.088235294,0.92588313,0.6175283549999999,0.0,1.0,133.0
0.0,0.931550567,0.617385941,0.0,1.0,134.0
0.088235294,0.9286893359999999,0.6170062700000001,0.0,1.0,135.0
0.088235294,0.935732365,0.615695939,0.0,1.0,137.0
0.117647059,0.8240893579999999,0.615490899,0.0,1.0,138.0
0.161764706,0.868988665,0.6144334810000001,0.0,1.0,139.0
0.117647059,0.871959943,0.614336682,0.0,1.0,140.0
0.20588235300000002,0.867448003,0.6142641200000001,0.0,1.0,141.0
0.647058824,0.312259271,0.6122198889999999,0.0,1.0,145.0
0.161764706,0.75751073,0.611917748,0.0,1.0,146.0
0.073529412,0.972763288,0.611542443,0.0,1.0,147.0
0.117647059,0.971057555,0.611403793,0.0,1.0,148.0
0.044117647,0.8808737759999999,0.610854309,0.0,1.0,149.0
0.117647059,0.975404424,0.610595073,0.0,1.0,151.0
0.073529412,0.9372180040000001,0.610403582,0.0,1.0,152.0
0.117647059,0.8942995490000001,0.610180476,0.0,1.0,154.0
0.117647059,0.9785957959999999,0.6100013289999999,0.0,1.0,155.0
0.117647059,0.856443271,0.609471567,0.0,1.0,156.0
0.161764706,0.937493122,0.609440404,0.0,1.0,157.0
0.294117647,0.930340046,0.60940322,0.0,1.0,158.0
0.029411765,0.945636624,0.6092933229999999,0.0,1.0,159.0
0.20588235300000002,0.8944095959999999,0.609248009,0.0,1.0,160.0
0.029411765,0.94723231,0.608996451,0.0,1.0,161.0
0.20588235300000002,0.898206229,0.608541659,0.0,1.0,162.0
0.294117647,0.943215583,0.607007771,0.0,1.0,164.0
0.20588235300000002,0.907890393,0.606739954,0.0,1.0,165.0
0.647058824,0.344172994,0.6062824520000001,0.0,1.0,166.0
0.20588235300000002,0.8278859909999999,0.6061206179999999,0.0,1.0,167.0
0.161764706,0.7959172440000001,0.60477235,0.0,1.0,169.0
0.294117647,0.588918235,0.603156115,0.0,1.0,171.0
0.117647059,0.932100803,0.6031476849999999,0.0,1.0,172.0
0.294117647,0.839826125,0.602987205,0.0,1.0,173.0
0.073529412,0.896225377,0.6025262410000001,0.0,1.0,175.0
0.33823529399999996,0.798338285,0.602497939,0.0,1.0,176.0
0.294117647,0.84290745,0.602413935,0.0,1.0,177.0
0.073529412,0.940189281,0.602098848,0.0,1.0,178.0
0.470588235,0.7959172440000001,0.601580376,0.0,1.0,179.0
0.117647059,0.816220975,0.6014509079999999,0.0,1.0,180.0
0.161764706,0.8180917790000001,0.6006468549999999,0.0,1.0,181.0
0.20588235300000002,0.945251458,0.599789058,0.0,1.0,182.0
0.058823529000000006,0.971937933,0.5989281,0.0,1.0,185.0
0.088235294,0.611643006,0.598472254,0.0,1.0,186.0
0.20588235300000002,0.9533399359999999,0.598284225,0.0,1.0,188.0
0.25,0.8259051390000001,0.598281214,0.0,1.0,189.0
0.20588235300000002,0.9564212609999999,0.597710956,0.0,1.0,190.0
0.073529412,0.881368989,0.597538282,0.0,1.0,191.0
0.294117647,0.537911302,0.5971419010000001,0.0,1.0,192.0
0.073529412,0.9702872240000001,0.596499231,0.0,1.0,193.0
0.073529412,0.977770441,0.5951070039999999,0.0,1.0,194.0
0.073529412,0.8972158029999999,0.594590038,0.0,1.0,195.0
0.117647059,0.895950259,0.594369491,0.0,1.0,196.0
0.117647059,0.9398041159999999,0.593962572,0.0,1.0,197.0
0.647058824,0.747221305,0.5933122239999999,0.0,1.0,198.0
0.073529412,0.946406955,0.593190133,0.0,1.0,199.0
0.558823529,0.502971278,0.593154454,0.0,1.0,200.0
0.352941176,0.793331132,0.592941586,0.0,1.0,201.0
0.088235294,0.8921536259999999,0.5927958600000001,0.0,1.0,202.0
0.20588235300000002,0.816220975,0.5927869779999999,0.0,1.0,203.0
0.20588235300000002,0.608011445,0.592763945,0.0,1.0,204.0
0.117647059,0.94948828,0.592160867,0.0,1.0,205.0
0.647058824,0.220259712,0.590576397,0.0,1.0,207.0
0.294117647,0.9071200620000001,0.5904674029999999,0.0,1.0,208.0
0.382352941,0.8213931990000001,0.590000718,0.0,1.0,209.0
0.294117647,0.661439419,0.589663802,0.0,1.0,210.0
0.470588235,0.48706944,0.5892729910000001,0.0,1.0,211.0
0.029411765,0.929129526,0.5891085970000001,0.0,1.0,212.0
0.161764706,0.7593815340000001,0.5883138779999999,0.0,1.0,213.0
0.117647059,0.9716077909999999,0.5880456089999999,0.0,1.0,214.0
0.20588235300000002,0.842962474,0.587811815,0.0,1.0,215.0
0.117647059,0.850390668,0.587341818,0.0,1.0,216.0
0.294117647,0.9294046440000001,0.586321434,0.0,1.0,217.0
0.294117647,0.93265104,0.585717454,0.0,1.0,218.0
0.117647059,0.9443160559999999,0.585371203,0.0,1.0,219.0
0.294117647,0.9360074829999999,0.585092999,0.0,1.0,220.0
0.602941176,0.7526136240000001,0.58501306,0.0,1.0,221.0
0.294117647,0.686750303,0.5849548,0.0,1.0,222.0
0.294117647,0.93776824,0.584765416,0.0,1.0,223.0
0.294117647,0.938043359,0.584714231,0.0,1.0,224.0
0.117647059,0.91025641,0.583955944,0.0,1.0,225.0
0.117647059,0.9951028940000001,0.583674427,0.0,1.0,226.0
0.294117647,0.6943985909999999,0.5835318629999999,0.0,1.0,227.0
0.294117647,0.944536151,0.58350627,0.0,1.0,228.0
0.382352941,0.857983933,0.58319314,0.0,1.0,229.0
0.294117647,0.321613294,0.583119825,0.0,1.0,230.0
0.147058824,0.96962694,0.582942184,0.0,1.0,231.0
0.044117647,0.872014966,0.5814947079999999,0.0,1.0,232.0
0.470588235,0.782106306,0.5808940389999999,0.0,1.0,233.0
0.161764706,0.885715858,0.580313694,0.0,1.0,235.0
0.029411765,0.976780015,0.58024339,0.0,1.0,237.0
0.029411765,0.89732585,0.5795216839999999,0.0,1.0,238.0
0.20588235300000002,0.9309453059999999,0.579194854,0.0,1.0,239.0
0.117647059,0.9361725540000001,0.5791343360000001,0.0,1.0,240.0
0.117647059,0.8970507320000001,0.578660876,0.0,1.0,241.0
0.117647059,0.9030483109999999,0.577545048,0.0,1.0,243.0
0.647058824,0.0,0.5772913820000001,0.0,1.0,244.0
0.294117647,0.730274018,0.576857365,0.0,1.0,245.0
0.20588235300000002,0.946792121,0.57624661,0.0,1.0,246.0
0.20588235300000002,0.908495653,0.575619596,0.0,1.0,248.0
0.117647059,0.8719049190000001,0.5755872289999999,0.0,1.0,249.0
0.647058824,0.7176736,0.575553658,0.0,1.0,250.0
0.294117647,0.866072411,0.574848361,0.0,1.0,251.0
0.073529412,0.8379553209999999,0.574607492,0.0,1.0,252.0
0.735294118,0.136403654,0.574257779,0.0,1.0,253.0
0.25,0.923131947,0.572440568,0.0,1.0,256.0
0.029411765,0.977330252,0.572389082,0.0,1.0,257.0
0.470588235,0.581545064,0.5716961300000001,0.0,1.0,258.0
0.20588235300000002,0.80576648,0.5714761859999999,0.0,1.0,259.0
0.117647059,0.8525365909999999,0.5714387009999999,0.0,1.0,260.0
0.117647059,0.896995708,0.570919175,0.0,1.0,262.0
0.558823529,0.667712116,0.570256934,0.0,1.0,265.0
0.117647059,0.94272037,0.5701641989999999,0.0,1.0,266.0
0.088235294,0.899911962,0.568096634,0.0,1.0,269.0
0.470588235,0.225927149,0.568090161,0.0,1.0,270.0
0.20588235300000002,0.907670298,0.5680212120000001,0.0,1.0,271.0
0.0,0.8277759440000001,0.566925406,0.0,1.0,272.0
0.117647059,0.970012105,0.5650866670000001,0.0,1.0,273.0
0.117647059,0.971992957,0.5647181370000001,0.0,1.0,275.0
0.20588235300000002,0.800704303,0.564666049,0.0,1.0,276.0
0.161764706,0.929459668,0.564423372,0.0,1.0,277.0
0.117647059,0.974854187,0.564185815,0.0,1.0,278.0
0.029411765,0.938153406,0.564173922,0.0,1.0,279.0
0.117647059,0.9751843290000001,0.564124393,0.0,1.0,280.0
0.294117647,0.7647188290000001,0.56269709,0.0,1.0,282.0
0.161764706,0.938923737,0.562662615,0.0,1.0,283.0
0.161764706,0.81600088,0.5622761700000001,0.0,1.0,285.0
0.558823529,0.795587102,0.561970115,0.0,1.0,286.0
0.470588235,0.6348079670000001,0.561786753,0.0,1.0,287.0
0.117647059,0.821228128,0.561759655,0.0,1.0,288.0
0.20588235300000002,0.906459778,0.560494487,0.0,1.0,290.0
0.647058824,0.46572026,0.560413194,0.0,1.0,293.0
0.470588235,0.560966215,0.560020877,0.0,1.0,294.0
0.20588235300000002,0.911191812,0.559614109,0.0,1.0,295.0
0.088235294,0.9463519309999999,0.5594566400000001,0.0,1.0,296.0
0.20588235300000002,0.913777925,0.559132972,0.0,1.0,297.0
0.029411765,0.9259931770000001,0.558684352,0.0,1.0,299.0
0.117647059,0.92258171,0.558407051,0.0,1.0,300.0
0.294117647,0.8294816770000001,0.558400126,0.0,1.0,301.0
0.647058824,0.602399032,0.558240399,0.0,1.0,302.0
0.029411765,0.9706723890000001,0.558123878,0.0,1.0,303.0
0.235294118,0.890778035,0.5579400649999999,0.0,1.0,304.0
0.161764706,0.8839000770000001,0.557395699,0.0,1.0,306.0
0.029411765,0.849895455,0.557338192,0.0,1.0,307.0
0.117647059,0.679322109,0.5571530229999999,0.0,1.0,308.0
0.294117647,0.962198745,0.556964392,0.0,1.0,309.0
0.117647059,0.8898976559999999,0.556735867,0.0,1.0,310.0
0.294117647,0.838725652,0.556680316,0.0,1.0,311.0
0.20588235300000002,0.928304171,0.556430414,0.0,1.0,312.0
0.558823529,0.827005612,0.556124811,0.0,1.0,313.0
0.117647059,0.937493122,0.5556328349999999,0.0,1.0,315.0
0.294117647,0.9283591940000001,0.555508185,0.0,1.0,316.0
0.0,0.9310553540000001,0.55546257,0.0,1.0,317.0
0.073529412,0.816936283,0.555262196,0.0,1.0,318.0
0.25,0.8490700999999999,0.555211764,0.0,1.0,319.0
0.20588235300000002,0.939749092,0.554301127,0.0,1.0,320.0
0.117647059,0.819687466,0.5542943520000001,0.0,1.0,321.0
0.132352941,0.936227578,0.553132307,0.0,1.0,322.0
0.088235294,0.9417299440000001,0.5525646070000001,0.0,1.0,324.0
0.117647059,0.9545504570000001,0.552459377,0.0,1.0,325.0
0.088235294,0.9429404640000001,0.552339394,0.0,1.0,326.0
0.029411765,0.754264334,0.5518742139999999,0.0,1.0,327.0
0.470588235,0.604820073,0.55186202,0.0,1.0,328.0
0.161764706,0.9190601959999999,0.550854282,0.0,1.0,330.0
0.20588235300000002,0.6693078020000001,0.550352219,0.0,1.0,331.0
0.294117647,0.7925608009999999,0.54976525,0.0,1.0,334.0
0.294117647,0.7544844279999999,0.549097288,0.0,1.0,335.0
0.294117647,0.8795532079999999,0.549084492,0.0,1.0,336.0
0.117647059,0.9314955429999999,0.5489967250000001,0.0,1.0,337.0
0.20588235300000002,0.8019148229999999,0.548936959,0.0,1.0,338.0
0.470588235,0.8294816770000001,0.548824202,0.0,1.0,339.0
0.20588235300000002,0.8861010229999999,0.548778287,0.0,1.0,340.0
0.029411765,0.938868714,0.548536965,0.0,1.0,341.0
0.294117647,0.883074722,0.548429327,0.0,1.0,342.0
0.102941176,0.950258611,0.5482419000000001,0.0,1.0,343.0
0.117647059,0.936062507,0.548147058,0.0,1.0,344.0
0.20588235300000002,0.890612964,0.547938856,0.0,1.0,347.0
0.294117647,0.887036426,0.5476922660000001,0.0,1.0,348.0
0.294117647,0.888081875,0.547497763,0.0,1.0,349.0
0.029411765,0.8201826790000001,0.5473622739999999,0.0,1.0,350.0
0.647058824,0.45653130799999997,0.54661889,0.0,1.0,351.0
0.735294118,0.494552658,0.5463850960000001,0.0,1.0,352.0
0.073529412,0.8653571040000001,0.546253672,0.0,1.0,353.0
0.161764706,0.9442060090000001,0.546175991,0.0,1.0,354.0
0.8235294120000001,0.241939034,0.545959359,0.0,1.0,355.0
0.117647059,0.951964345,0.545188576,0.0,1.0,357.0
0.294117647,0.9005172220000001,0.54518421,0.0,1.0,358.0
0.088235294,0.8570485309999999,0.545063474,0.0,1.0,359.0
0.647058824,0.798393309,0.545032161,0.0,1.0,360.0
0.647058824,0.342247166,0.544625242,0.0,1.0,363.0
0.117647059,0.914493232,0.544408008,0.0,1.0,364.0
0.470588235,0.728788379,0.544302025,0.0,1.0,365.0
0.647058824,0.553868163,0.544013584,0.0,1.0,366.0
0.20588235300000002,0.6637504129999999,0.543634214,0.0,1.0,367.0
0.117647059,0.921316166,0.543138625,0.0,1.0,368.0
0.647058824,0.64190602,0.5431383240000001,0.0,1.0,369.0
0.117647059,0.602619126,0.726462105,1.0,1.0,7.0
0.33823529399999996,0.825795092,0.54312613,0.0,1.0,370.0
0.176470588,0.949103114,0.542528924,0.0,1.0,371.0
0.117647059,0.926158248,0.542237772,0.0,1.0,372.0
0.33823529399999996,0.53983713,0.542064045,0.0,1.0,373.0
0.529411765,0.683724001,0.541742183,0.0,1.0,374.0
0.029411765,0.937713217,0.541000003,0.0,1.0,375.0
0.294117647,0.7148123690000001,0.540974261,0.0,1.0,376.0
0.117647059,0.9761197309999999,0.5406945510000001,0.0,1.0,377.0
0.117647059,0.9360074829999999,0.540405357,0.0,1.0,378.0
0.029411765,0.94228018,0.540150336,0.0,1.0,379.0
0.029411765,0.9456916470000001,0.539515644,0.0,1.0,381.0
0.25,0.852921756,0.538991301,0.0,1.0,382.0
0.20588235300000002,0.6909871240000001,0.538566919,0.0,1.0,383.0
0.029411765,0.868108287,0.538445882,0.0,1.0,384.0
0.073529412,0.908165511,0.538289317,0.0,1.0,385.0
0.294117647,0.937713217,0.5382640249999999,0.0,1.0,386.0
0.323529412,0.575437438,0.53817671,0.0,1.0,387.0
0.117647059,0.948552878,0.53807133,0.0,1.0,388.0
0.161764706,0.864751843,0.537702347,0.0,1.0,389.0
0.102941176,0.798888522,0.5376440870000001,0.0,1.0,390.0
0.382352941,0.686145042,0.5376437860000001,0.0,1.0,391.0
0.117647059,0.953174865,0.537211425,0.0,1.0,392.0
0.029411765,1.0,0.537163703,0.0,1.0,393.0
0.20588235300000002,0.910311434,0.536522086,0.0,1.0,395.0
0.25,0.870364257,0.535746185,0.0,1.0,397.0
0.382352941,0.781501045,0.53540701,0.0,1.0,398.0
0.294117647,0.787443601,0.535213411,0.0,1.0,399.0
0.20588235300000002,0.8360845159999999,0.534827869,0.0,1.0,400.0
0.294117647,0.957411687,0.534599194,0.0,1.0,401.0
0.294117647,0.75316386,0.5338390989999999,0.0,1.0,403.0
0.117647059,0.888356994,0.533766688,0.0,1.0,404.0
0.294117647,0.962638935,0.533626682,0.0,1.0,406.0
0.029411765,0.8977660390000001,0.53292816,0.0,1.0,407.0
0.20588235300000002,0.888412017,0.532844458,0.0,1.0,408.0
0.073529412,0.85974469,0.531793966,0.0,1.0,411.0
0.382352941,0.552327501,0.531532321,0.0,1.0,412.0
0.235294118,0.657862881,0.531505675,0.0,1.0,413.0
0.20588235300000002,0.772752283,0.531106734,0.0,1.0,414.0
0.20588235300000002,0.942170133,0.530594886,0.0,1.0,415.0
0.102941176,0.797017718,0.530240206,0.0,1.0,416.0
0.294117647,0.939198856,0.530235689,0.0,1.0,417.0
0.117647059,0.909596126,0.529815221,0.0,1.0,418.0
0.088235294,0.939639045,0.5296977970000001,0.0,1.0,419.0
0.294117647,0.944536151,0.5292427040000001,0.0,1.0,421.0
0.602941176,0.7619676459999999,0.529009211,0.0,1.0,422.0
0.20588235300000002,0.952514581,0.528670338,0.0,1.0,423.0
0.470588235,0.521459227,0.528611325,0.0,1.0,424.0
0.073529412,0.960988225,0.528461835,0.0,1.0,425.0
0.294117647,0.9078353690000001,0.528318819,0.0,1.0,426.0
0.470588235,0.5662484870000001,0.5280303770000001,0.0,1.0,427.0
0.029411765,0.7600418179999999,0.527543519,0.0,1.0,429.0
0.470588235,0.48739958200000005,0.527196065,0.0,1.0,430.0
0.20588235300000002,0.836964895,0.52691214,0.0,1.0,431.0
0.470588235,0.574667107,0.526464122,0.0,1.0,433.0
0.117647059,0.9310553540000001,0.525822807,0.0,1.0,434.0
0.117647059,0.9747991640000001,0.525436362,0.0,1.0,435.0
0.294117647,0.840541433,0.525334745,0.0,1.0,436.0
0.20588235300000002,0.929569715,0.5251872120000001,0.0,1.0,437.0
0.088235294,0.9645647629999999,0.525060455,0.0,1.0,438.0
0.117647059,0.935402223,0.525014087,0.0,1.0,439.0
0.8235294120000001,0.605590404,0.5248149179999999,0.0,1.0,440.0
0.20588235300000002,0.9327060640000001,0.524603705,0.0,1.0,441.0
0.029411765,0.9871244640000001,0.524055275,0.0,1.0,442.0
0.470588235,0.6314515239999999,0.523651518,0.0,1.0,443.0
0.161764706,0.9413447779999999,0.523452499,0.0,1.0,444.0
0.029411765,0.9093210079999999,0.5230264609999999,0.0,1.0,445.0
0.294117647,0.937107956,0.5228727559999999,0.0,1.0,446.0
0.029411765,0.910751623,0.5227603000000001,0.0,1.0,447.0
0.161764706,0.9048640920000001,0.522487666,0.0,1.0,449.0
0.117647059,0.949763398,0.522342241,0.0,1.0,450.0
0.088235294,0.896445472,0.5222299349999999,0.0,1.0,451.0
0.029411765,0.917849675,0.521439732,0.0,1.0,452.0
0.20588235300000002,0.8672829320000001,0.521271575,0.0,1.0,453.0
0.20588235300000002,0.78458237,0.5211538499999999,0.0,1.0,454.0
0.20588235300000002,0.785242654,0.5210310060000001,0.0,1.0,455.0
0.20588235300000002,0.8694838779999999,0.520862097,0.0,1.0,456.0
0.20588235300000002,0.913612854,0.520403993,0.0,1.0,457.0
0.294117647,0.784362276,0.520282805,0.0,1.0,458.0
0.382352941,0.696214372,0.520266546,0.0,1.0,459.0
0.25,0.9127874990000001,0.520101551,0.0,1.0,460.0
0.117647059,0.8792230659999999,0.519962147,0.0,1.0,461.0
0.470588235,0.5699900960000001,0.5195823260000001,0.0,1.0,462.0
0.117647059,0.841862001,0.519161105,0.0,1.0,463.0
0.029411765,0.972323099,0.5190570800000001,0.0,1.0,464.0
0.20588235300000002,0.672389127,0.518771197,0.0,1.0,465.0
0.470588235,0.8699790909999999,0.5180339860000001,0.0,1.0,466.0
0.117647059,0.8901177509999999,0.517935229,0.0,1.0,467.0
0.161764706,0.847089248,0.517732598,0.0,1.0,468.0
0.161764706,0.932430945,0.517358949,0.0,1.0,469.0
0.294117647,0.801199516,0.517150295,0.0,1.0,470.0
0.161764706,0.93490701,0.516898285,0.0,1.0,471.0
0.647058824,0.45130406100000003,0.516583649,0.0,1.0,473.0
0.294117647,0.8059315509999999,0.516269917,0.0,1.0,474.0
0.352941176,0.583250798,0.51574723,0.0,1.0,476.0
0.029411765,0.9902057879999999,0.515730068,0.0,1.0,477.0
0.088235294,0.8904478929999999,0.515593826,0.0,1.0,478.0
0.161764706,0.817431496,0.515498381,0.0,1.0,479.0
0.470588235,0.718223836,0.51525977,0.0,1.0,480.0
0.294117647,0.8536370640000001,0.51514641,0.0,1.0,481.0
0.294117647,0.9398041159999999,0.514619207,0.0,1.0,482.0
0.294117647,0.35688346,0.51454243,0.0,1.0,483.0
0.294117647,0.9434356770000001,0.513943568,0.0,1.0,484.0
0.470588235,0.8095631120000001,0.513770292,0.0,1.0,485.0
0.470588235,0.76818532,0.513716548,0.0,1.0,486.0
0.294117647,0.907725322,0.512835417,0.0,1.0,487.0
0.382352941,0.778694839,0.5126732810000001,0.0,1.0,488.0
0.294117647,0.7860129859999999,0.512223758,0.0,1.0,489.0
0.117647059,0.924617586,0.511516655,0.0,1.0,491.0
0.294117647,0.50330142,0.510557693,0.0,1.0,493.0
0.470588235,0.912402333,0.51014129,0.0,1.0,494.0
0.117647059,0.932320898,0.510083481,0.0,1.0,495.0
0.117647059,0.8942995490000001,0.509405282,0.0,1.0,496.0
0.0,0.9287993840000001,0.5093706570000001,0.0,1.0,497.0
0.0,0.933696489,0.5084595679999999,0.0,1.0,498.0
0.044117647,0.9735886429999999,0.508333713,0.0,1.0,499.0
0.294117647,0.390447893,0.508297884,0.0,1.0,500.0
0.029411765,0.947562452,0.508159836,0.0,1.0,501.0
0.33823529399999996,0.722515682,0.508077338,0.0,1.0,502.0
0.029411765,0.99383735,0.50730249,0.0,1.0,503.0
0.117647059,0.90574447,0.507275995,0.0,1.0,504.0
0.073529412,0.95113899,0.5070384370000001,0.0,1.0,505.0
0.20588235300000002,0.9455815999999999,0.506704381,0.0,1.0,506.0
0.294117647,0.649774403,0.5065627189999999,0.0,1.0,507.0
0.20588235300000002,0.907010014,0.5061285520000001,0.0,1.0,509.0
0.20588235300000002,0.949433256,0.5059877939999999,0.0,1.0,510.0
0.20588235300000002,0.95053373,0.505783054,0.0,1.0,511.0
0.20588235300000002,0.957191592,0.504544382,0.0,1.0,512.0
0.102941176,0.937107956,0.5041769060000001,0.0,1.0,513.0
0.382352941,0.908165511,0.50408959,0.0,1.0,514.0
0.073529412,0.8446131840000001,0.5036013779999999,0.0,1.0,516.0
0.294117647,0.5838010339999999,0.503332958,0.0,1.0,517.0
0.20588235300000002,0.881479036,0.5031265629999999,0.0,1.0,518.0
0.073529412,0.9340266309999999,0.502470194,0.0,1.0,521.0
0.117647059,0.8128645320000001,0.501300169,0.0,1.0,523.0
0.514705882,0.5412127210000001,0.5012244459999999,0.0,1.0,524.0
0.382352941,0.842742379,0.50075746,0.0,1.0,525.0
0.470588235,0.755915043,0.500495514,0.0,1.0,526.0
0.294117647,0.8074722129999999,0.500479406,0.0,1.0,527.0
0.25,0.316055904,0.49933843600000005,0.0,1.0,528.0
0.647058824,0.7948167709999999,0.49918593600000005,0.0,1.0,529.0
0.088235294,0.854132277,0.499094405,0.0,1.0,530.0
0.294117647,0.732970177,0.498836374,0.0,1.0,531.0
0.029411765,0.956146143,0.49881093200000004,0.0,1.0,532.0
0.470588235,0.5155166720000001,0.49870916499999995,0.0,1.0,533.0
0.294117647,0.902498074,0.49830405200000005,0.0,1.0,534.0
0.647058824,0.596566524,0.497310013,0.0,1.0,536.0
0.558823529,0.686145042,0.497060111,0.0,1.0,538.0
0.294117647,0.91190712,0.4965535320000001,0.0,1.0,539.0
0.647058824,0.815175525,0.49539826100000006,0.0,1.0,540.0
0.117647059,0.969902058,0.49533969899999997,0.0,1.0,541.0
0.647058824,0.8168812590000001,0.49508091499999995,0.0,1.0,542.0
0.647058824,0.8175415429999999,0.494958071,0.0,1.0,543.0
0.514705882,0.36667767100000004,0.4949363929999999,0.0,1.0,544.0
0.20588235300000002,0.890007703,0.49378789700000003,0.0,1.0,547.0
0.294117647,0.929844833,0.493216283,0.0,1.0,548.0
0.117647059,0.8984263229999999,0.493133634,0.0,1.0,549.0
0.25,0.7249917459999999,0.49302479099999996,0.0,1.0,550.0
0.029411765,0.9465720259999999,0.492840225,0.0,1.0,551.0
0.382352941,0.76158248,0.49260116200000004,0.0,1.0,553.0
0.294117647,0.937988335,0.4917012129999999,0.0,1.0,554.0
0.294117647,0.938318477,0.491639791,0.0,1.0,555.0
0.294117647,0.941619897,0.49102557299999994,0.0,1.0,557.0
0.25,0.861505447,0.49088270700000003,0.0,1.0,558.0
0.20588235300000002,0.9482777590000001,0.490698894,0.0,1.0,559.0
0.470588235,0.7676350829999999,0.490563104,0.0,1.0,560.0
0.294117647,0.946847144,0.490053062,0.0,1.0,561.0
0.294117647,0.9481126879999999,0.48981761200000007,0.0,1.0,562.0
0.20588235300000002,0.87537141,0.48875899,0.0,1.0,563.0
0.294117647,0.8297017720000001,0.48859173600000005,0.0,1.0,564.0
0.117647059,0.882249367,0.48839136299999997,0.0,1.0,565.0
0.294117647,0.7905249259999999,0.488128514,0.0,1.0,566.0
0.294117647,0.9616485090000001,0.48729932,0.0,1.0,567.0
0.647058824,0.526356333,0.48711656000000003,0.0,1.0,568.0
0.294117647,0.963409266,0.48697173700000007,0.0,1.0,569.0
0.161764706,0.930560141,0.48669925299999994,0.0,1.0,570.0
0.029411765,0.980246506,0.48657520499999996,0.0,1.0,571.0
0.20588235300000002,0.9342467259999999,0.485557381,0.0,1.0,572.0
0.470588235,0.8845603609999999,0.484313439,0.0,1.0,576.0
0.161764706,0.86365137,0.48364352099999997,0.0,1.0,577.0
0.117647059,0.9912512379999999,0.483615821,0.0,1.0,578.0
0.470588235,0.888687135,0.483545667,0.0,1.0,579.0
0.294117647,0.606965995,0.48351932200000003,0.0,1.0,580.0
0.25,0.8627159679999999,0.48290555600000007,0.0,1.0,581.0
0.470588235,0.814570265,0.481830977,0.0,1.0,582.0
0.382352941,0.56960493,0.4818062879999999,0.0,1.0,583.0
0.382352941,0.7782546490000001,0.481747425,0.0,1.0,584.0
0.073529412,0.962253769,0.481714757,0.0,1.0,585.0
0.294117647,0.825024761,0.48170994,0.0,1.0,586.0
0.470588235,0.815945857,0.4815750529999999,0.0,1.0,587.0
0.161764706,0.9609332009999999,0.48104845100000004,0.0,1.0,588.0
0.470588235,0.31979751300000003,0.48085846499999996,0.0,1.0,589.0
0.8235294120000001,0.509904259,0.480601488,0.0,1.0,590.0
0.117647059,0.883569935,0.48039373799999996,0.0,1.0,591.0
0.647058824,0.646142841,0.480334574,0.0,1.0,592.0
0.102941176,0.9410146359999999,0.480194267,0.0,1.0,593.0
0.470588235,0.8241443820000001,0.48004974600000005,0.0,1.0,594.0
0.088235294,0.9566413559999999,0.480022949,0.0,1.0,595.0
0.117647059,0.844448113,0.4799202779999999,0.0,1.0,596.0
0.20588235300000002,0.842412237,0.47938705299999995,0.0,1.0,597.0
0.294117647,0.630406075,0.4791583770000001,0.0,1.0,598.0
0.470588235,0.829866843,0.478985102,0.0,1.0,599.0
0.117647059,0.976064708,0.478689284,0.0,1.0,600.0
0.470588235,0.332067789,0.478575623,0.0,1.0,601.0
0.558823529,0.619016177,0.47854145000000003,0.0,1.0,602.0
0.117647059,0.936227578,0.47834890500000005,0.0,1.0,603.0
0.029411765,0.945746671,0.47748990299999994,0.0,1.0,604.0
0.382352941,0.801529658,0.477417191,0.0,1.0,605.0
0.117647059,0.9455265759999999,0.476618859,0.0,1.0,606.0
0.294117647,0.8528667329999999,0.47653003799999993,0.0,1.0,607.0
0.470588235,0.844338065,0.47629278100000005,0.0,1.0,608.0
0.117647059,0.9527896999999999,0.47526758,0.0,1.0,610.0
0.117647059,0.953064818,0.475216395,0.0,1.0,611.0
0.117647059,0.9536700779999999,0.47510378799999997,0.0,1.0,612.0
0.117647059,0.954220315,0.47500141900000004,0.0,1.0,613.0
0.117647059,0.580994828,0.474671277,0.0,1.0,614.0
0.20588235300000002,0.870694399,0.474125256,0.0,1.0,616.0
0.117647059,0.918234841,0.473944453,0.0,1.0,617.0
0.294117647,0.9091559370000001,0.473809566,0.0,1.0,618.0
0.470588235,0.8585891929999999,0.47364140899999996,0.0,1.0,619.0
0.117647059,0.962088698,0.473537534,0.0,1.0,620.0
0.294117647,0.912677451,0.4731544,0.0,1.0,622.0
0.426470588,0.614669308,0.47296622099999996,0.0,1.0,623.0
0.20588235300000002,0.880213492,0.472354261,0.0,1.0,625.0
0.294117647,0.917849675,0.47219212600000005,0.0,1.0,626.0
0.470588235,0.8667877190000001,0.472116102,0.0,1.0,627.0
0.25,0.8398811490000001,0.47165001900000003,0.0,1.0,628.0
0.073529412,0.934686915,0.4713395979999999,0.0,1.0,630.0
0.294117647,0.7563002090000001,0.47124008900000003,0.0,1.0,631.0
0.470588235,0.496643557,0.47121269,0.0,1.0,632.0
0.117647059,0.9762297790000001,0.47090663499999996,0.0,1.0,633.0
0.102941176,0.616044899,0.470886311,0.0,1.0,634.0
0.161764706,0.932816111,0.470775662,0.0,1.0,635.0
0.029411765,0.19412347300000002,0.47003995600000004,0.0,1.0,637.0
0.20588235300000002,0.769505888,0.469695211,0.0,1.0,639.0
0.470588235,0.882029273,0.469280464,0.0,1.0,640.0
0.161764706,0.9443160559999999,0.46863613700000006,0.0,1.0,642.0
0.470588235,0.887091449,0.46833866299999993,0.0,1.0,643.0
0.20588235300000002,0.777319247,0.46824156299999997,0.0,1.0,644.0
0.161764706,0.947012215,0.46813452600000005,0.0,1.0,645.0
0.088235294,0.938703643,0.46785632200000005,0.0,1.0,646.0
0.20588235300000002,0.904588973,0.46781928799999994,0.0,1.0,647.0
0.20588235300000002,0.909926268,0.46682630299999994,0.0,1.0,648.0
0.117647059,0.956696379,0.46678881799999994,0.0,1.0,649.0
0.20588235300000002,0.9102013870000001,0.46677511799999993,0.0,1.0,650.0
0.426470588,0.8616705179999999,0.46577219700000005,0.0,1.0,651.0
0.514705882,0.233575437,0.465436034,0.0,1.0,652.0
0.294117647,0.748706944,0.464900851,0.0,1.0,653.0
0.235294118,0.8920435790000001,0.46468135899999996,0.0,1.0,654.0
0.25,0.794981842,0.464499502,0.0,1.0,655.0
0.161764706,0.8857708809999999,0.46402438700000004,0.0,1.0,656.0
0.161764706,0.96962694,0.463927136,0.0,1.0,657.0
0.470588235,0.9136678770000001,0.4633942120000001,0.0,1.0,658.0
0.117647059,0.938263453,0.462466261,0.0,1.0,662.0
0.294117647,0.8452734679999999,0.46243886200000006,0.0,1.0,663.0
0.25,0.8904478929999999,0.462242253,0.0,1.0,664.0
0.235294118,0.821998459,0.462209133,0.0,1.0,665.0
0.382352941,0.8853857159999999,0.46181606399999997,0.0,1.0,666.0
0.294117647,0.849895455,0.46157895799999993,0.0,1.0,667.0
0.029411765,0.990315836,0.461446028,0.0,1.0,669.0
0.647058824,0.75030263,0.460956009,0.0,1.0,670.0
0.20588235300000002,0.861065258,0.46041284799999993,0.0,1.0,671.0
0.294117647,0.858314075,0.46001270299999997,0.0,1.0,672.0
0.294117647,0.902167932,0.45960578399999996,0.0,1.0,674.0
0.294117647,0.7853527020000001,0.458083036,0.0,1.0,676.0
0.117647059,0.8454385390000001,0.45648019900000003,0.0,1.0,677.0
0.294117647,0.8357543740000001,0.456457918,0.0,1.0,678.0
0.294117647,0.87823264,0.456306923,0.0,1.0,679.0
0.294117647,0.884670408,0.455109199,0.0,1.0,681.0
0.073529412,0.938703643,0.45508842399999994,0.0,1.0,682.0
0.20588235300000002,0.641740949,0.454705742,0.0,1.0,683.0
0.161764706,0.93655772,0.454575673,0.0,1.0,684.0
0.117647059,0.9442060090000001,0.45360873200000007,0.0,1.0,685.0
0.102941176,0.7512380320000001,0.45348603899999995,0.0,1.0,686.0
0.235294118,0.869098712,0.453446295,0.0,1.0,687.0
0.117647059,0.9035985470000001,0.45341167000000004,0.0,1.0,688.0
0.294117647,0.8123693190000001,0.45305668899999996,0.0,1.0,689.0
0.294117647,0.77434797,0.45237848999999997,0.0,1.0,690.0
0.470588235,0.768625509,0.4516191479999999,0.0,1.0,692.0
0.294117647,0.905634423,0.451208917,0.0,1.0,694.0
0.161764706,0.960107846,0.450194254,0.0,1.0,697.0
0.294117647,0.74579069,0.449939534,0.0,1.0,698.0
0.117647059,0.964894905,0.44975963500000005,0.0,1.0,699.0
0.264705882,0.9431605590000001,0.44969926700000007,0.0,1.0,701.0
0.014705882,0.824034335,0.44860647100000006,0.0,1.0,702.0
0.161764706,0.927423792,0.44852307,0.0,1.0,703.0
0.352941176,0.862826015,0.44822936,0.0,1.0,705.0
0.117647059,0.974193903,0.4480295879999999,0.0,1.0,706.0
0.117647059,0.97474414,0.447927219,0.0,1.0,707.0
0.470588235,0.41537361100000003,0.44757298999999995,0.0,1.0,708.0
0.029411765,0.940134258,0.447526321,0.0,1.0,709.0
0.073529412,0.8963354240000001,0.4474670070000001,0.0,1.0,710.0
0.294117647,0.8009243970000001,0.4474340379999999,0.0,1.0,711.0
0.294117647,0.9265434140000001,0.447318872,0.0,1.0,712.0
0.117647059,0.936612743,0.44726949399999993,0.0,1.0,713.0
0.294117647,0.927974029,0.447052711,0.0,1.0,714.0
0.029411765,0.94783757,0.446093147,0.0,1.0,716.0
0.8235294120000001,0.654616485,0.44592634499999995,0.0,1.0,717.0
0.117647059,0.861780566,0.44568788400000003,0.0,1.0,718.0
0.029411765,0.827555849,0.44521532799999997,0.0,1.0,720.0
0.029411765,0.9549906459999999,0.444762342,0.0,1.0,721.0
0.25,0.8606800920000001,0.444524634,0.0,1.0,722.0
0.294117647,0.943050512,0.444247784,0.0,1.0,723.0
0.470588235,0.7686805329999999,0.44385697299999993,0.0,1.0,724.0
0.8235294120000001,0.66776714,0.44347971100000005,0.0,1.0,725.0
0.470588235,0.6060856170000001,0.44309943799999996,0.0,1.0,726.0
0.088235294,0.907890393,0.44258126799999997,0.0,1.0,727.0
0.294117647,0.8705293279999999,0.442236222,0.0,1.0,728.0
0.558823529,0.77330252,0.442085076,0.0,1.0,729.0
0.102941176,0.895895235,0.442076947,0.0,1.0,730.0
0.294117647,0.8719049190000001,0.44198029799999994,0.0,1.0,731.0
0.470588235,0.697810058,0.441538302,0.0,1.0,732.0
0.294117647,0.958787279,0.441320014,0.0,1.0,733.0
0.382352941,0.876031694,0.44030053299999994,0.0,1.0,734.0
0.294117647,0.885825905,0.439390347,0.0,1.0,735.0
0.20588235300000002,0.934411797,0.4390150420000001,0.0,1.0,738.0
0.088235294,0.886376142,0.438831981,0.0,1.0,739.0
0.073529412,0.9473973809999999,0.43796710799999994,0.0,1.0,740.0
0.382352941,0.764498734,0.437795037,0.0,1.0,741.0
0.161764706,0.943820843,0.437720518,0.0,1.0,742.0
0.029411765,0.9935072079999999,0.43759647,0.0,1.0,743.0
0.294117647,0.730384065,0.437302007,0.0,1.0,744.0
0.073529412,0.9512490370000001,0.43725052100000006,0.0,1.0,745.0
0.647058824,0.628645317,0.43707829899999995,0.0,1.0,746.0
0.294117647,0.818311874,0.436447221,0.0,1.0,747.0
0.029411765,0.918014746,0.436137703,0.0,1.0,748.0
0.117647059,0.961043249,0.434972346,0.0,1.0,750.0
0.470588235,0.699515792,0.43346901799999993,0.0,1.0,754.0
0.029411765,0.641740949,0.43327391400000004,0.0,1.0,755.0
0.382352941,0.664355673,0.43317048999999996,0.0,1.0,756.0
0.029411765,0.977110157,0.432895146,0.0,1.0,758.0
0.25,0.926213272,0.43233241499999997,0.0,1.0,759.0
0.294117647,0.882579509,0.43224239,0.0,1.0,760.0
0.25,0.927258721,0.43213791200000007,0.0,1.0,761.0
0.647058824,0.410641576,0.4311255070000001,0.0,1.0,762.0
0.647058824,0.6607241110000001,0.431110152,0.0,1.0,763.0
0.117647059,0.941234731,0.430905714,0.0,1.0,764.0
0.20588235300000002,0.8542423240000001,0.430674479,0.0,1.0,765.0
0.088235294,0.9737537140000001,0.43032762599999996,0.0,1.0,766.0
0.117647059,0.9464619790000001,0.42993320200000007,0.0,1.0,767.0
0.470588235,0.47138769700000005,0.429399827,0.0,1.0,768.0
0.647058824,0.802244965,0.42803650400000004,0.0,1.0,769.0
0.647058824,0.6775613509999999,0.427977642,0.0,1.0,770.0
0.470588235,0.8562781999999999,0.42755973299999994,0.0,1.0,772.0
0.117647059,0.961428414,0.427148749,0.0,1.0,773.0
0.470588235,0.694618686,0.42662817,0.0,1.0,774.0
0.147058824,0.9361725540000001,0.42637555799999993,0.0,1.0,775.0
0.294117647,0.917189391,0.42580334200000003,0.0,1.0,776.0
0.117647059,0.969516892,0.42564391600000007,0.0,1.0,777.0
0.647058824,0.7333553429999999,0.425349302,0.0,1.0,778.0
0.117647059,0.911521954,0.7155034389999999,1.0,1.0,14.0
0.514705882,0.742324199,0.425048667,0.0,1.0,780.0
0.029411765,0.81148894,0.424948706,0.0,1.0,781.0
0.161764706,0.9301199520000001,0.424765645,0.0,1.0,782.0
0.294117647,0.881864202,0.424623532,0.0,1.0,783.0
0.117647059,0.975734566,0.42448714,0.0,1.0,784.0
0.117647059,0.979751293,0.42373984200000003,0.0,1.0,786.0
0.558823529,0.7913502809999999,0.42322347700000007,0.0,1.0,787.0
0.294117647,0.8070320240000001,0.423041922,0.0,1.0,788.0
0.294117647,0.932926158,0.42287557100000006,0.0,1.0,789.0
0.073529412,0.8622757790000001,0.42279593400000004,0.0,1.0,790.0
0.161764706,0.942225157,0.42251351400000003,0.0,1.0,791.0
0.294117647,0.939033785,0.421739269,0.0,1.0,796.0
0.117647059,0.907340156,0.42170780500000005,0.0,1.0,797.0
0.382352941,0.6427863979999999,0.421679503,0.0,1.0,798.0
0.117647059,0.9502035879999999,0.42148515100000006,0.0,1.0,799.0
0.161764706,0.86590734,0.42120830200000003,0.0,1.0,800.0
0.117647059,0.8274458020000001,0.42106799500000003,0.0,1.0,801.0
0.161764706,0.868988665,0.4206350320000001,0.0,1.0,802.0
0.647058824,0.5939804120000001,0.42027177000000004,0.0,1.0,803.0
0.029411765,0.962473864,0.420114302,0.0,1.0,804.0
0.161764706,0.961483438,0.418930578,0.0,1.0,805.0
0.117647059,0.9289094309999999,0.41769491700000005,0.0,1.0,806.0
0.20588235300000002,0.848629911,0.416214773,0.0,1.0,807.0
0.294117647,0.844888302,0.4159988929999999,0.0,1.0,808.0
0.117647059,0.896390448,0.415993022,0.0,1.0,809.0
0.294117647,0.6372840320000001,0.41586325299999993,0.0,1.0,810.0
0.382352941,0.844448113,0.415168796,0.0,1.0,811.0
0.073529412,0.945306482,0.415100299,0.0,1.0,812.0
0.294117647,0.850665786,0.41492401200000006,0.0,1.0,813.0
0.117647059,0.6945636620000001,0.414782501,0.0,1.0,814.0
0.25,0.812809508,0.414671099,0.0,1.0,815.0
0.073529412,0.9477825459999999,0.414639636,0.0,1.0,816.0
0.235294118,0.625453945,0.41350423599999997,0.0,1.0,817.0
0.117647059,0.8267304940000001,0.4134491370000001,0.0,1.0,818.0
0.117647059,0.910091339,0.41344401899999994,0.0,1.0,819.0
0.073529412,0.954220315,0.41344191100000005,0.0,1.0,820.0
0.029411765,0.91746451,0.412984259,0.0,1.0,821.0
0.294117647,0.8618906129999999,0.412835673,0.0,1.0,822.0
0.058823529000000006,0.973533619,0.412584716,0.0,1.0,823.0
0.073529412,0.875811599,0.412525703,0.0,1.0,824.0
0.647058824,0.845878728,0.412166657,0.0,1.0,825.0
0.294117647,0.870089138,0.41131036600000004,0.0,1.0,826.0
0.470588235,0.8645317490000001,0.410520313,0.0,1.0,827.0
0.20588235300000002,0.9651149990000001,0.41004700399999994,0.0,1.0,828.0
0.294117647,0.7952019370000001,0.4097389920000001,0.0,1.0,829.0
0.117647059,0.890172774,0.409397861,0.0,1.0,830.0
0.25,0.9256080109999999,0.40918920700000005,0.0,1.0,831.0
0.044117647,0.9672058990000001,0.4087460070000001,0.0,1.0,832.0
0.161764706,0.893474194,0.408327647,0.0,1.0,833.0
0.102941176,0.9269836029999999,0.7153628320000001,1.0,1.0,15.0
0.029411765,0.9060746120000001,0.40735137200000004,0.0,1.0,834.0
0.647058824,0.622042478,0.407298983,0.0,1.0,835.0
0.294117647,0.8928689340000001,0.40707226399999996,0.0,1.0,836.0
0.117647059,0.9447012220000001,0.407004971,0.0,1.0,837.0
0.20588235300000002,0.815010454,0.406965679,0.0,1.0,838.0
0.25,0.815725762,0.40637660200000003,0.0,1.0,839.0
0.470588235,0.555133707,0.40606723499999997,0.0,1.0,840.0
0.647058824,0.7974579070000001,0.405671306,0.0,1.0,841.0
0.161764706,0.908935842,0.40545106100000006,0.0,1.0,842.0
0.294117647,0.8205128209999999,0.40502999100000003,0.0,1.0,843.0
0.294117647,0.907010014,0.40444136500000005,0.0,1.0,845.0
0.029411765,0.9340266309999999,0.40215099600000004,0.0,1.0,846.0
0.294117647,0.586882359,0.401984495,0.0,1.0,847.0
0.294117647,0.925552988,0.40099151,0.0,1.0,848.0
0.558823529,0.580059426,0.4005179,0.0,1.0,849.0
0.161764706,0.941784968,0.399339596,0.0,1.0,851.0
0.029411765,0.949433256,0.399284647,0.0,1.0,852.0
0.382352941,0.847749532,0.399050703,0.0,1.0,853.0
0.117647059,0.992571806,0.39809881599999997,0.0,1.0,854.0
0.33823529399999996,0.732199846,0.39774850100000003,0.0,1.0,855.0
0.25,0.738472543,0.39749347999999995,0.0,1.0,856.0
0.470588235,0.692307692,0.39605037,0.0,1.0,857.0
0.073529412,0.802905249,0.395081924,0.0,1.0,858.0
0.294117647,0.7913502809999999,0.39495170299999993,0.0,1.0,859.0
0.294117647,0.666391548,0.394944026,0.0,1.0,860.0
0.25,0.877517332,0.39488049599999997,0.0,1.0,861.0
0.029411765,0.975239353,0.39448351299999995,0.0,1.0,862.0
0.058823529000000006,0.826785518,0.39337506099999997,0.0,1.0,863.0
0.558823529,0.619456366,0.39318823599999997,0.0,1.0,864.0
0.073529412,0.731539562,0.39285538499999995,0.0,1.0,865.0
0.294117647,0.761142291,0.392819856,0.0,1.0,866.0
0.117647059,0.9443160559999999,0.391572754,0.0,1.0,867.0
0.029411765,0.995157918,0.39077773299999996,0.0,1.0,868.0
0.117647059,0.830472103,0.38949721000000004,0.0,1.0,869.0
0.117647059,0.7472763290000001,0.38947161799999996,0.0,1.0,870.0
0.294117647,0.866842742,0.388658532,0.0,1.0,871.0
0.470588235,0.8192472759999999,0.38793757900000003,0.0,1.0,872.0
0.20588235300000002,0.835259161,0.38769460200000005,0.0,1.0,873.0
0.147058824,0.519753494,0.38756980100000005,0.0,1.0,874.0
0.294117647,0.874105866,0.387307253,0.0,1.0,875.0
0.382352941,0.9110267409999999,0.38727819899999993,0.0,1.0,876.0
0.117647059,0.9281941229999999,0.386820245,0.0,1.0,877.0
0.264705882,0.8665676240000001,0.386429735,0.0,1.0,878.0
0.20588235300000002,0.679762298,0.38561649899999995,0.0,1.0,879.0
0.029411765,0.939694068,0.385592713,0.0,1.0,880.0
0.20588235300000002,0.600473203,0.38486408299999997,0.0,1.0,881.0
0.558823529,0.749862441,0.3844305170000001,0.0,1.0,882.0
0.088235294,0.9707824359999999,0.384368794,0.0,1.0,883.0
0.20588235300000002,0.9791460329999999,0.384180765,0.0,1.0,885.0
0.294117647,0.85462749,0.38317919899999997,0.0,1.0,886.0
0.294117647,0.855727963,0.38297446,0.0,1.0,887.0
0.647058824,0.671288654,0.382633027,0.0,1.0,888.0
0.294117647,0.857763838,0.38259569299999996,0.0,1.0,889.0
0.382352941,0.812589413,0.382336306,0.0,1.0,890.0
0.294117647,0.9436007479999999,0.38212991100000004,0.0,1.0,891.0
0.647058824,0.590899087,0.38208535,0.0,1.0,892.0
0.161764706,0.9131176409999999,0.38141723799999994,0.0,1.0,894.0
0.088235294,0.9460217890000001,0.38122348799999994,0.0,1.0,895.0
0.235294118,0.675470452,0.38094302599999996,0.0,1.0,896.0
0.117647059,0.9600528229999999,0.380893045,0.0,1.0,897.0
0.20588235300000002,0.95565093,0.380800009,0.0,1.0,898.0
0.470588235,0.862660944,0.3798606179999999,0.0,1.0,899.0
0.117647059,0.972268075,0.37862043999999995,0.0,1.0,900.0
0.161764706,0.929184549,0.378428046,0.0,1.0,901.0
0.161764706,0.932430945,0.377824065,0.0,1.0,902.0
0.647058824,0.447177286,0.3778165379999999,0.0,1.0,903.0
0.117647059,0.935402223,0.377727265,0.0,1.0,904.0
0.117647059,0.9850335640000001,0.376245465,0.0,1.0,905.0
0.470588235,0.885165621,0.37567370099999997,0.0,1.0,906.0
0.470588235,0.88725652,0.375284697,0.0,1.0,907.0
0.073529412,0.9517992740000001,0.375132648,0.0,1.0,908.0
0.647058824,0.5866072410000001,0.375131895,0.0,1.0,909.0
0.294117647,0.734015627,0.374610864,0.0,1.0,911.0
0.294117647,0.9477825459999999,0.37359996399999995,0.0,1.0,913.0
0.176470588,0.8693188070000001,0.37132600399999993,0.0,1.0,914.0
0.161764706,0.720809948,0.370683785,0.0,1.0,915.0
0.20588235300000002,0.926708485,0.370680774,0.0,1.0,916.0
0.25,0.884285243,0.370365536,0.0,1.0,917.0
0.470588235,0.666886761,0.369772094,0.0,1.0,918.0
0.294117647,0.851050952,0.368340726,0.0,1.0,919.0
0.470588235,0.591284252,0.368333801,0.0,1.0,920.0
0.161764706,0.7361615490000001,0.36782767299999997,0.0,1.0,921.0
0.33823529399999996,0.685539782,0.36766975299999993,0.0,1.0,922.0
0.088235294,0.9455265759999999,0.365811745,0.0,1.0,924.0
0.20588235300000002,0.914988445,0.36510930899999994,0.0,1.0,925.0
0.382352941,0.9087707709999999,0.3644421,0.0,1.0,926.0
0.294117647,0.710740618,0.36343722200000006,0.0,1.0,927.0
0.117647059,0.92978981,0.36326755899999996,0.0,1.0,928.0
0.294117647,0.880378563,0.36288442600000004,0.0,1.0,929.0
0.647058824,0.615494663,0.3620055529999999,0.0,1.0,930.0
0.073529412,0.9428854409999999,0.36128715899999997,0.0,1.0,931.0
0.470588235,0.963739408,0.361055322,0.0,1.0,932.0
0.294117647,0.891438318,0.360826797,0.0,1.0,933.0
0.8235294120000001,0.612248267,0.36078554799999996,0.0,1.0,934.0
0.294117647,0.901947838,0.35887153799999993,0.0,1.0,935.0
0.382352941,0.814460218,0.35873243600000004,0.0,1.0,936.0
0.647058824,0.675745571,0.35854801999999997,0.0,1.0,937.0
0.294117647,0.780400572,0.358229169,0.0,1.0,938.0
0.294117647,0.907285133,0.35787855299999993,0.0,1.0,939.0
0.029411765,0.988775173,0.709794678,1.0,1.0,17.0
0.073529412,0.9311654009999999,0.355715694,0.0,1.0,941.0
0.294117647,0.92588313,0.35441846,0.0,1.0,942.0
0.470588235,0.802740178,0.352248977,0.0,1.0,943.0
0.25,0.982337405,0.352123273,0.0,1.0,944.0
0.294117647,0.859029383,0.351352491,0.0,1.0,945.0
0.294117647,0.9429404640000001,0.35124500299999994,0.0,1.0,946.0
0.470588235,0.43727302700000004,0.350475424,0.0,1.0,947.0
0.647058824,0.845383515,0.350243286,0.0,1.0,948.0
0.470588235,0.649829427,0.34968973700000006,0.0,1.0,949.0
0.117647059,0.9226917570000001,0.34908425100000007,0.0,1.0,951.0
0.470588235,0.904974139,0.348732582,0.0,1.0,952.0
0.470588235,0.906294707,0.34848689499999996,0.0,1.0,953.0
0.117647059,0.885495763,0.348252498,0.0,1.0,954.0
0.382352941,0.874986244,0.34747177900000004,0.0,1.0,955.0
0.647058824,0.8623858259999999,0.347080065,0.0,1.0,956.0
0.470588235,0.834984043,0.346250119,0.0,1.0,957.0
0.470588235,0.71151095,0.345966043,0.0,1.0,959.0
0.294117647,0.9743039509999999,0.34540993499999995,0.0,1.0,960.0
0.117647059,0.907285133,0.34419866200000004,0.0,1.0,961.0
0.382352941,0.8937493120000001,0.343980976,0.0,1.0,962.0
0.20588235300000002,0.82546495,0.343005153,0.0,1.0,963.0
0.25,0.948387807,0.34293560200000006,0.0,1.0,964.0
0.8235294120000001,0.256850446,0.34163475499999996,0.0,1.0,965.0
0.602941176,0.363596346,0.33955891000000005,0.0,1.0,966.0
0.058823529000000006,0.949708375,0.33949794,0.0,1.0,967.0
0.029411765,0.940959613,0.338845635,0.0,1.0,968.0
0.117647059,0.937107956,0.33865023000000005,0.0,1.0,969.0
0.647058824,0.665401122,0.33721675399999995,0.0,1.0,971.0
0.117647059,0.861945637,0.337130041,0.0,1.0,972.0
0.382352941,0.849180147,0.336769038,0.0,1.0,973.0
0.8235294120000001,0.20039617,0.336634,0.0,1.0,974.0
0.20588235300000002,0.658413118,0.335324874,0.0,1.0,975.0
0.117647059,0.9743039509999999,0.33173004500000003,0.0,1.0,976.0
0.161764706,0.813304721,0.330219642,0.0,1.0,977.0
0.33823529399999996,0.55606911,0.32974181599999997,0.0,1.0,978.0
0.382352941,0.429239573,0.329626199,0.0,1.0,979.0
0.470588235,0.8913282709999999,0.32801553400000005,0.0,1.0,980.0
0.294117647,0.9460217890000001,0.3274159190000001,0.0,1.0,981.0
0.294117647,0.66055904,0.3185097640000001,0.0,1.0,982.0
0.117647059,0.862550897,0.31376162099999994,0.0,1.0,983.0
0.294117647,0.814515242,0.31312256299999996,0.0,1.0,984.0
0.25,0.833553428,0.310036572,0.0,1.0,985.0
0.029411765,0.9398591390000001,0.308042622,0.0,1.0,986.0
0.8235294120000001,0.443380654,0.3069314609999999,0.0,1.0,987.0
0.382352941,0.595796192,0.30639085900000007,0.0,1.0,988.0
0.073529412,0.950258611,0.305651841,0.0,1.0,989.0
0.029411765,0.966435567,0.3030981709999999,0.0,1.0,990.0
0.33823529399999996,0.7281831190000001,0.289968667,0.0,1.0,992.0
0.117647059,0.962583911,0.2873988890000001,0.0,1.0,994.0
0.8235294120000001,0.637614174,0.27854692999999997,0.0,1.0,995.0
0.20588235300000002,0.722020469,0.27697932000000003,0.0,1.0,996.0
0.117647059,0.8147353359999999,0.268393973,0.0,1.0,997.0
0.20588235300000002,0.7955320790000001,0.255550803,0.0,1.0,998.0
0.33823529399999996,0.8793881370000001,0.23858168700000004,0.0,1.0,999.0
0.470588235,0.568834599,0.20971978299999994,0.0,1.0,1000.0
0.294117647,0.9176295809999999,0.704791213,1.0,1.0,20.0
0.161764706,0.93430175,0.7030574039999999,1.0,1.0,22.0
0.161764706,0.965665236,0.697222336,1.0,1.0,28.0
0.294117647,0.840486409,0.695887617,1.0,1.0,29.0
0.117647059,0.942830417,0.6864227949999999,1.0,1.0,34.0
0.117647059,0.967756135,0.681785452,1.0,1.0,35.0
0.029411765,0.939363926,0.680227778,1.0,1.0,37.0
0.073529412,0.921866403,0.6752751969999999,1.0,1.0,42.0
0.029411765,0.98993067,0.670820012,1.0,1.0,50.0
0.088235294,0.9436007479999999,0.6684956200000001,1.0,1.0,51.0
0.117647059,0.9313304720000001,0.6653065060000001,1.0,1.0,55.0
0.117647059,0.9583470890000001,0.660280158,1.0,1.0,59.0
0.117647059,0.972983383,0.657557127,1.0,1.0,68.0
0.294117647,0.9451964340000001,0.653150869,1.0,1.0,73.0
0.117647059,0.8478045559999999,0.6498384589999999,1.0,1.0,77.0
0.117647059,0.940519423,0.6480930579999999,1.0,1.0,79.0
0.20588235300000002,0.9517992740000001,0.6450824879999999,1.0,1.0,85.0
0.470588235,0.69197755,0.644173807,1.0,1.0,88.0
0.117647059,0.94618686,0.639286713,1.0,1.0,96.0
0.382352941,0.802905249,0.6244480889999999,1.0,1.0,117.0
0.117647059,0.92934962,0.619163409,1.0,1.0,126.0
0.294117647,0.843622758,0.617784731,1.0,1.0,131.0
0.117647059,0.817156377,0.616780756,1.0,1.0,136.0
0.117647059,0.9164740840000001,0.613806919,1.0,1.0,142.0
0.117647059,0.9642346209999999,0.612673176,1.0,1.0,143.0
0.117647059,0.965004952,0.612529858,1.0,1.0,144.0
0.161764706,0.930450094,0.610750735,1.0,1.0,150.0
0.117647059,0.9766699679999999,0.6103596229999999,1.0,1.0,153.0
0.161764706,0.9436007479999999,0.608304102,1.0,1.0,163.0
0.20588235300000002,0.914273137,0.6055524670000001,1.0,1.0,168.0
0.647058824,0.151425113,0.603382834,1.0,1.0,170.0
0.117647059,0.891933531,0.602868727,1.0,1.0,174.0
0.20588235300000002,0.946847144,0.5994921870000001,1.0,1.0,183.0
0.294117647,0.652360515,0.5991048379999999,1.0,1.0,184.0
0.029411765,0.962473864,0.5984088750000001,1.0,1.0,187.0
0.294117647,0.9015626720000001,0.591501336,1.0,1.0,206.0
0.294117647,0.835809398,0.580478689,1.0,1.0,234.0
0.073529412,0.932430945,0.580286445,1.0,1.0,236.0
0.029411765,0.989105315,0.5779503109999999,1.0,1.0,242.0
0.382352941,0.8954550459999999,0.5762217700000001,1.0,1.0,247.0
0.20588235300000002,0.9600528229999999,0.573779502,1.0,1.0,254.0
0.117647059,0.92753384,0.5729896,1.0,1.0,255.0
0.8235294120000001,0.60614064,0.5712241760000001,1.0,1.0,261.0
0.470588235,0.503631562,0.57068779,1.0,1.0,263.0
0.073529412,0.902057885,0.570433371,1.0,1.0,264.0
0.073529412,0.9048090679999999,0.569921523,1.0,1.0,267.0
0.073529412,0.9885550790000001,0.569844746,1.0,1.0,268.0
0.33823529399999996,0.875096291,0.5649615649999999,1.0,1.0,274.0
0.294117647,0.847529438,0.562794341,1.0,1.0,281.0
0.294117647,0.806977,0.5625870420000001,1.0,1.0,284.0
0.0,0.980686695,0.561732708,1.0,1.0,289.0
0.20588235300000002,0.98993067,0.5604688950000001,1.0,1.0,291.0
0.20588235300000002,0.906844943,0.560422829,1.0,1.0,292.0
0.20588235300000002,0.9147133270000001,0.5589589429999999,1.0,1.0,298.0
0.20588235300000002,0.838230439,0.557684442,1.0,1.0,305.0
0.25,0.8878617809999999,0.5557466449999999,1.0,1.0,314.0
0.161764706,0.99218664,0.552753238,1.0,1.0,323.0
0.20588235300000002,0.956036096,0.551270986,1.0,1.0,329.0
0.20588235300000002,0.878287664,0.550231935,1.0,1.0,332.0
0.088235294,0.9560911190000001,0.54989276,1.0,1.0,333.0
0.029411765,0.8993067020000001,0.5481454020000001,1.0,1.0,345.0
0.073529412,0.938593595,0.5481321539999999,1.0,1.0,346.0
0.147058824,0.795146913,0.545636142,1.0,1.0,356.0
0.029411765,0.9165841309999999,0.544930996,1.0,1.0,361.0
0.073529412,0.998569385,0.544725805,1.0,1.0,362.0
0.117647059,0.9793111040000001,0.540100807,1.0,1.0,380.0
0.132352941,0.898151205,0.536960469,1.0,1.0,394.0
0.294117647,0.947342357,0.536472557,1.0,1.0,396.0
0.20588235300000002,0.54765049,0.534226448,1.0,1.0,402.0
0.161764706,0.969406845,0.533735525,1.0,1.0,405.0
0.25,0.806701882,0.532086472,1.0,1.0,409.0
0.470588235,0.671013536,0.531795019,1.0,1.0,410.0
0.117647059,0.952844723,0.5295209089999999,1.0,1.0,420.0
0.161764706,0.8755915040000001,0.527933728,1.0,1.0,428.0
0.073529412,0.8871464729999999,0.526695959,1.0,1.0,432.0
0.117647059,0.947727523,0.522721008,1.0,1.0,448.0
0.132352941,0.965225047,0.516729677,1.0,1.0,472.0
0.470588235,0.798448333,0.515838158,1.0,1.0,475.0
0.117647059,0.756520304,0.511782816,1.0,1.0,490.0
0.33823529399999996,0.872345108,0.511209848,1.0,1.0,492.0
0.294117647,0.858149004,0.506555042,1.0,1.0,508.0
0.647058824,0.686310113,0.503869345,1.0,1.0,515.0
0.058823529000000006,0.9456916470000001,0.5030359360000001,1.0,1.0,519.0
0.294117647,0.8771321670000001,0.50302329,1.0,1.0,520.0
0.20588235300000002,0.9274788159999999,0.5023204029999999,1.0,1.0,522.0
0.294117647,0.864201607,0.49767703799999996,1.0,1.0,535.0
0.117647059,0.959667657,0.49724377399999997,1.0,1.0,537.0
0.161764706,0.804005722,0.49474038499999995,1.0,1.0,545.0
0.647058824,0.652800704,0.494599778,1.0,1.0,546.0
0.117647059,0.9423902279999999,0.49270624100000004,1.0,1.0,552.0
0.088235294,0.89567514,0.491365501,1.0,1.0,556.0
0.20588235300000002,0.812919555,0.484874064,1.0,1.0,573.0
0.073529412,0.945746671,0.484785845,1.0,1.0,574.0
0.117647059,0.944536151,0.484555062,1.0,1.0,575.0
0.20588235300000002,0.860845163,0.47595767099999997,1.0,1.0,609.0
0.294117647,0.697755035,0.474380276,1.0,1.0,615.0
0.117647059,0.9641245740000001,0.47315876600000006,1.0,1.0,621.0
0.161764706,0.838450534,0.47282817200000005,1.0,1.0,624.0
0.647058824,0.776713987,0.47154614399999994,1.0,1.0,629.0
0.294117647,0.9286893359999999,0.47017544499999997,1.0,1.0,636.0
0.117647059,0.9815670740000001,0.46991364999999996,1.0,1.0,638.0
0.20588235300000002,0.8968856609999999,0.469252463,1.0,1.0,641.0
0.161764706,0.891548366,0.46294950600000007,1.0,1.0,659.0
0.514705882,0.872400132,0.462863997,1.0,1.0,660.0
0.294117647,0.928304171,0.46249516600000007,1.0,1.0,661.0
0.117647059,0.943215583,0.46154493500000005,1.0,1.0,668.0
0.20588235300000002,0.9058545170000001,0.45983190000000007,1.0,1.0,673.0
0.294117647,0.904423902,0.45918606799999995,1.0,1.0,675.0
0.470588235,0.621602289,0.4557164920000001,1.0,1.0,680.0
0.647058824,0.5467701110000001,0.45231089599999996,1.0,1.0,691.0
0.470588235,0.895730164,0.45122758500000004,1.0,1.0,693.0
0.602941176,0.8469792009999999,0.45117760399999995,1.0,1.0,695.0
0.470588235,0.48393309100000004,0.45032161400000004,1.0,1.0,696.0
0.029411765,0.928249147,0.449737505,1.0,1.0,700.0
0.029411765,0.9774402990000001,0.4483376,1.0,1.0,704.0
0.294117647,0.8489050290000001,0.44625934700000003,1.0,1.0,715.0
0.647058824,0.37603169399999997,0.445316493,1.0,1.0,719.0
0.382352941,0.881368989,0.43930754799999994,1.0,1.0,736.0
0.602941176,0.912237262,0.43903656999999996,1.0,1.0,737.0
0.294117647,0.8218333879999999,0.43579205499999996,1.0,1.0,749.0
1.0,0.705898536,0.434561513,1.0,1.0,751.0
0.382352941,0.8244195,0.43439892599999996,1.0,1.0,752.0
0.117647059,0.967481017,0.43377462200000005,1.0,1.0,753.0
0.294117647,0.37768240299999994,0.433153479,1.0,1.0,757.0
0.117647059,0.95895235,0.427609412,1.0,1.0,771.0
0.382352941,0.749037086,0.42516774700000004,1.0,1.0,779.0
0.117647059,0.977880489,0.424087898,1.0,1.0,785.0
0.161764706,0.86034995,0.42224223399999994,1.0,1.0,792.0
0.470588235,0.8859359520000001,0.422042012,1.0,1.0,793.0
0.20588235300000002,0.9015626720000001,0.421870693,1.0,1.0,794.0
0.294117647,0.8139099809999999,0.421762302,1.0,1.0,795.0
0.294117647,0.905524375,0.40471776299999995,1.0,1.0,844.0
0.294117647,0.934411797,0.39934335899999995,1.0,1.0,850.0
0.8235294120000001,0.152470562,0.38431008200000005,1.0,1.0,884.0
0.20588235300000002,0.907230109,0.38205659599999997,1.0,1.0,893.0
0.294117647,0.8147353359999999,0.375097119,1.0,1.0,910.0
0.8235294120000001,0.455595906,0.3744262970000001,1.0,1.0,912.0
0.161764706,0.8284362279999999,0.366164167,1.0,1.0,923.0
0.426470588,0.7781996259999999,0.357270658,1.0,1.0,940.0
0.294117647,0.7876086720000001,0.349136189,1.0,1.0,950.0
0.073529412,0.941509849,0.346039207,1.0,1.0,958.0
0.382352941,0.67332453,0.33847861,1.0,1.0,970.0
0.235294118,0.778694839,0.29972298500000005,1.0,1.0,991.0
0.647058824,0.76037196,0.2885400090000001,1.0,1.0,993.0
