DurationMonth,CreditAmount,score,age35,query_id,doc_id
0.470588235,0.568834599,0.7902802170000001,0.0,1.0,1.0
0.33823529399999996,0.8793881370000001,0.761418313,0.0,1.0,2.0
0.20588235300000002,0.7955320790000001,0.744449197,1.0,1.0,3.0
0.117647059,0.8147353359999999,0.731606027,1.0,1.0,4.0
0.20588235300000002,0.722020469,0.72302068,0.0,1.0,5.0
0.8235294120000001,0.637614174,0.72145307,0.0,1.0,6.0
0.117647059,0.962583911,0.7126011109999999,0.0,1.0,7.0
0.647058824,0.76037196,0.7114599909999999,1.0,1.0,8.0
0.33823529399999996,0.7281831190000001,0.710031333,0.0,1.0,9.0
0.235294118,0.778694839,0.700277015,1.0,1.0,10.0
0.029411765,0.966435567,0.6969018290000001,0.0,1.0,11.0
0.073529412,0.950258611,0.694348159,0.0,1.0,12.0
0.382352941,0.595796192,0.6936091409999999,0.0,1.0,13.0
0.8235294120000001,0.443380654,0.6930685390000001,0.0,1.0,14.0
0.029411765,0.9398591390000001,0.691957378,0.0,1.0,15.0
0.25,0.833553428,0.689963428,0.0,1.0,16.0
0.294117647,0.814515242,0.686877437,1.0,1.0,17.0
0.117647059,0.862550897,0.6862383790000001,0.0,1.0,18.0
0.294117647,0.66055904,0.6814902359999999,0.0,1.0,19.0
0.161764706,0.813304721,0.669780358,1.0,1.0,24.0
0.294117647,0.9460217890000001,0.6725840809999999,0.0,1.0,20.0
0.470588235,0.8913282709999999,0.671984466,0.0,1.0,21.0
0.382352941,0.429239573,0.670373801,0.0,1.0,22.0
0.33823529399999996,0.55606911,0.670258184,0.0,1.0,23.0
0.117647059,0.9743039509999999,0.668269955,0.0,1.0,25.0
0.20588235300000002,0.658413118,0.664675126,0.0,1.0,26.0
0.8235294120000001,0.20039617,0.663366,0.0,1.0,27.0
0.382352941,0.849180147,0.663230962,1.0,1.0,28.0
0.117647059,0.861945637,0.662869959,1.0,1.0,29.0
0.647058824,0.665401122,0.662783246,0.0,1.0,30.0
0.382352941,0.67332453,0.66152139,1.0,1.0,31.0
0.117647059,0.937107956,0.66134977,0.0,1.0,32.0
0.029411765,0.940959613,0.661154365,1.0,1.0,33.0
0.058823529000000006,0.949708375,0.66050206,0.0,1.0,34.0
0.602941176,0.363596346,0.66044109,1.0,1.0,35.0
0.8235294120000001,0.256850446,0.658365245,0.0,1.0,36.0
0.25,0.948387807,0.6570643979999999,0.0,1.0,37.0
0.20588235300000002,0.82546495,0.656994847,0.0,1.0,38.0
0.382352941,0.8937493120000001,0.656019024,0.0,1.0,39.0
0.073529412,0.941509849,0.653960793,1.0,1.0,43.0
0.117647059,0.907285133,0.655801338,0.0,1.0,40.0
0.294117647,0.9743039509999999,0.654590065,0.0,1.0,41.0
0.470588235,0.71151095,0.654033957,0.0,1.0,42.0
0.470588235,0.834984043,0.653749881,0.0,1.0,44.0
0.647058824,0.8623858259999999,0.652919935,0.0,1.0,45.0
0.382352941,0.874986244,0.652528221,0.0,1.0,46.0
0.117647059,0.885495763,0.651747502,0.0,1.0,47.0
0.470588235,0.906294707,0.651513105,0.0,1.0,48.0
0.470588235,0.904974139,0.651267418,0.0,1.0,49.0
0.117647059,0.9226917570000001,0.6509157489999999,0.0,1.0,50.0
0.294117647,0.7876086720000001,0.650863811,1.0,1.0,51.0
0.470588235,0.649829427,0.6503102629999999,1.0,1.0,52.0
0.647058824,0.845383515,0.649756714,1.0,1.0,53.0
0.470588235,0.43727302700000004,0.649524576,0.0,1.0,54.0
0.294117647,0.9429404640000001,0.648754997,0.0,1.0,55.0
0.294117647,0.859029383,0.648647509,1.0,1.0,56.0
0.25,0.982337405,0.647876727,0.0,1.0,57.0
0.470588235,0.802740178,0.647751023,0.0,1.0,58.0
0.073529412,0.9311654009999999,0.644284306,1.0,1.0,60.0
0.426470588,0.7781996259999999,0.642729342,1.0,1.0,61.0
0.294117647,0.92588313,0.64558154,0.0,1.0,59.0
0.294117647,0.907285133,0.6421214470000001,1.0,1.0,62.0
0.294117647,0.780400572,0.641770831,0.0,1.0,63.0
0.647058824,0.675745571,0.64145198,0.0,1.0,64.0
0.382352941,0.814460218,0.641267564,0.0,1.0,65.0
0.294117647,0.901947838,0.6411284620000001,0.0,1.0,66.0
0.8235294120000001,0.612248267,0.639214452,0.0,1.0,67.0
0.294117647,0.891438318,0.639173203,0.0,1.0,68.0
0.470588235,0.963739408,0.638944678,0.0,1.0,69.0
0.073529412,0.9428854409999999,0.638712841,0.0,1.0,70.0
0.647058824,0.615494663,0.6379944470000001,1.0,1.0,71.0
0.294117647,0.880378563,0.637115574,0.0,1.0,72.0
0.117647059,0.92978981,0.636732441,0.0,1.0,73.0
0.294117647,0.710740618,0.6365627779999999,0.0,1.0,74.0
0.382352941,0.9087707709999999,0.6355579,0.0,1.0,75.0
0.20588235300000002,0.914988445,0.6348906910000001,0.0,1.0,76.0
0.161764706,0.8284362279999999,0.633835833,1.0,1.0,78.0
0.33823529399999996,0.685539782,0.6323302470000001,1.0,1.0,79.0
0.8235294120000001,0.455595906,0.6255737029999999,1.0,1.0,89.0
0.294117647,0.8147353359999999,0.624902881,1.0,1.0,91.0
0.088235294,0.9455265759999999,0.634188255,0.0,1.0,77.0
0.161764706,0.7361615490000001,0.632172327,0.0,1.0,80.0
0.470588235,0.591284252,0.631666199,0.0,1.0,81.0
0.294117647,0.851050952,0.631659274,0.0,1.0,82.0
0.470588235,0.666886761,0.630227906,0.0,1.0,83.0
0.25,0.884285243,0.629634464,0.0,1.0,84.0
0.20588235300000002,0.926708485,0.629319226,0.0,1.0,85.0
0.161764706,0.720809948,0.629316215,0.0,1.0,86.0
0.176470588,0.8693188070000001,0.6286739960000001,0.0,1.0,87.0
0.294117647,0.9477825459999999,0.626400036,0.0,1.0,88.0
0.294117647,0.734015627,0.625389136,0.0,1.0,90.0
0.647058824,0.5866072410000001,0.624868105,0.0,1.0,92.0
0.073529412,0.9517992740000001,0.624867352,0.0,1.0,93.0
0.470588235,0.88725652,0.624715303,0.0,1.0,94.0
0.470588235,0.862660944,0.6201393820000001,1.0,1.0,102.0
0.20588235300000002,0.95565093,0.619199991,1.0,1.0,103.0
0.235294118,0.675470452,0.619056974,1.0,1.0,105.0
0.088235294,0.9460217890000001,0.6187765120000001,1.0,1.0,106.0
0.20588235300000002,0.907230109,0.617943404,1.0,1.0,108.0
0.20588235300000002,0.9791460329999999,0.615819235,1.0,1.0,116.0
0.470588235,0.885165621,0.624326299,0.0,1.0,95.0
0.117647059,0.9850335640000001,0.623754535,0.0,1.0,96.0
0.117647059,0.935402223,0.622272735,0.0,1.0,97.0
0.647058824,0.447177286,0.6221834620000001,0.0,1.0,98.0
0.161764706,0.932430945,0.622175935,0.0,1.0,99.0
0.161764706,0.929184549,0.621571954,0.0,1.0,100.0
0.117647059,0.972268075,0.62137956,0.0,1.0,101.0
0.117647059,0.9600528229999999,0.619106955,0.0,1.0,104.0
0.161764706,0.9131176409999999,0.6185827620000001,0.0,1.0,107.0
0.647058824,0.590899087,0.61791465,0.0,1.0,109.0
0.294117647,0.9436007479999999,0.617870089,0.0,1.0,110.0
0.382352941,0.812589413,0.617663694,0.0,1.0,111.0
0.294117647,0.857763838,0.617404307,0.0,1.0,112.0
0.647058824,0.671288654,0.617366973,0.0,1.0,113.0
0.8235294120000001,0.152470562,0.615689918,1.0,1.0,117.0
0.20588235300000002,0.679762298,0.614383501,1.0,1.0,122.0
0.20588235300000002,0.835259161,0.612305398,1.0,1.0,128.0
0.558823529,0.619456366,0.606811764,1.0,1.0,137.0
0.25,0.738472543,0.60250652,1.0,1.0,145.0
0.33823529399999996,0.732199846,0.602251499,1.0,1.0,146.0
0.294117647,0.855727963,0.61702554,0.0,1.0,114.0
0.294117647,0.85462749,0.616820801,0.0,1.0,115.0
0.088235294,0.9707824359999999,0.615631206,0.0,1.0,118.0
0.558823529,0.749862441,0.6155694829999999,0.0,1.0,119.0
0.20588235300000002,0.600473203,0.615135917,0.0,1.0,120.0
0.029411765,0.939694068,0.614407287,0.0,1.0,121.0
0.264705882,0.8665676240000001,0.613570265,0.0,1.0,123.0
0.117647059,0.9281941229999999,0.613179755,0.0,1.0,124.0
0.382352941,0.9110267409999999,0.6127218010000001,0.0,1.0,125.0
0.294117647,0.874105866,0.612692747,0.0,1.0,126.0
0.147058824,0.519753494,0.612430199,0.0,1.0,127.0
0.470588235,0.8192472759999999,0.612062421,0.0,1.0,129.0
0.294117647,0.866842742,0.611341468,0.0,1.0,130.0
0.117647059,0.7472763290000001,0.610528382,0.0,1.0,131.0
0.294117647,0.934411797,0.600656641,1.0,1.0,151.0
0.294117647,0.586882359,0.598015505,1.0,1.0,154.0
0.029411765,0.9340266309999999,0.597849004,1.0,1.0,155.0
0.294117647,0.905524375,0.595282237,1.0,1.0,157.0
0.25,0.815725762,0.593623398,1.0,1.0,162.0
0.029411765,0.9060746120000001,0.592648628,1.0,1.0,167.0
0.117647059,0.830472103,0.61050279,0.0,1.0,132.0
0.029411765,0.995157918,0.609222267,0.0,1.0,133.0
0.117647059,0.9443160559999999,0.608427246,0.0,1.0,134.0
0.294117647,0.761142291,0.607180144,0.0,1.0,135.0
0.073529412,0.731539562,0.607144615,0.0,1.0,136.0
0.058823529000000006,0.826785518,0.606624939,0.0,1.0,138.0
0.029411765,0.975239353,0.605516487,0.0,1.0,139.0
0.25,0.877517332,0.605119504,0.0,1.0,140.0
0.294117647,0.666391548,0.605055974,0.0,1.0,141.0
0.294117647,0.7913502809999999,0.6050482970000001,0.0,1.0,142.0
0.073529412,0.802905249,0.604918076,0.0,1.0,143.0
0.470588235,0.692307692,0.60394963,0.0,1.0,144.0
0.117647059,0.992571806,0.601901184,0.0,1.0,147.0
0.382352941,0.847749532,0.600949297,0.0,1.0,148.0
0.161764706,0.893474194,0.591672353,1.0,1.0,168.0
0.25,0.9256080109999999,0.590810793,1.0,1.0,170.0
0.294117647,0.7952019370000001,0.5902610079999999,1.0,1.0,172.0
0.073529412,0.954220315,0.586558089,1.0,1.0,181.0
0.25,0.812809508,0.585328901,1.0,1.0,186.0
0.294117647,0.844888302,0.5840011070000001,1.0,1.0,193.0
0.029411765,0.949433256,0.600715353,0.0,1.0,149.0
0.161764706,0.941784968,0.600660404,0.0,1.0,150.0
0.558823529,0.580059426,0.5994821,0.0,1.0,152.0
0.294117647,0.925552988,0.59900849,0.0,1.0,153.0
0.294117647,0.907010014,0.595558635,0.0,1.0,156.0
0.294117647,0.8205128209999999,0.594970009,0.0,1.0,158.0
0.161764706,0.908935842,0.5945489389999999,0.0,1.0,159.0
0.647058824,0.7974579070000001,0.594328694,0.0,1.0,160.0
0.470588235,0.555133707,0.593932765,0.0,1.0,161.0
0.20588235300000002,0.815010454,0.593034321,0.0,1.0,163.0
0.117647059,0.9447012220000001,0.592995029,0.0,1.0,164.0
0.294117647,0.8928689340000001,0.592927736,0.0,1.0,165.0
0.647058824,0.622042478,0.592701017,0.0,1.0,166.0
0.044117647,0.9672058990000001,0.5912539929999999,0.0,1.0,169.0
0.161764706,0.961483438,0.581069422,1.0,1.0,196.0
0.161764706,0.868988665,0.5793649679999999,1.0,1.0,199.0
0.161764706,0.86590734,0.578791698,1.0,1.0,201.0
0.117647059,0.907340156,0.578292195,1.0,1.0,204.0
0.294117647,0.8139099809999999,0.578237698,1.0,1.0,206.0
0.20588235300000002,0.9015626720000001,0.578129307,1.0,1.0,207.0
0.117647059,0.890172774,0.590602139,0.0,1.0,171.0
0.20588235300000002,0.9651149990000001,0.5899529960000001,0.0,1.0,173.0
0.470588235,0.8645317490000001,0.589479687,0.0,1.0,174.0
0.294117647,0.870089138,0.588689634,0.0,1.0,175.0
0.647058824,0.845878728,0.587833343,0.0,1.0,176.0
0.073529412,0.875811599,0.587474297,0.0,1.0,177.0
0.058823529000000006,0.973533619,0.587415284,0.0,1.0,178.0
0.294117647,0.8618906129999999,0.587164327,0.0,1.0,179.0
0.029411765,0.91746451,0.587015741,0.0,1.0,180.0
0.117647059,0.910091339,0.5865559810000001,0.0,1.0,182.0
0.117647059,0.8267304940000001,0.5865508629999999,0.0,1.0,183.0
0.235294118,0.625453945,0.586495764,0.0,1.0,184.0
0.073529412,0.9477825459999999,0.585360364,0.0,1.0,185.0
0.117647059,0.6945636620000001,0.585217499,0.0,1.0,187.0
0.470588235,0.8859359520000001,0.577957988,1.0,1.0,208.0
0.161764706,0.86034995,0.5777577660000001,1.0,1.0,209.0
0.117647059,0.977880489,0.575912102,1.0,1.0,216.0
0.514705882,0.742324199,0.574951333,1.0,1.0,221.0
0.382352941,0.749037086,0.574832253,1.0,1.0,222.0
0.647058824,0.7333553429999999,0.574650698,1.0,1.0,223.0
0.294117647,0.850665786,0.5850759879999999,0.0,1.0,188.0
0.073529412,0.945306482,0.584899701,0.0,1.0,189.0
0.382352941,0.844448113,0.584831204,0.0,1.0,190.0
0.294117647,0.6372840320000001,0.5841367470000001,0.0,1.0,191.0
0.117647059,0.896390448,0.584006978,0.0,1.0,192.0
0.20588235300000002,0.848629911,0.583785227,0.0,1.0,194.0
0.117647059,0.9289094309999999,0.582305083,0.0,1.0,195.0
0.029411765,0.962473864,0.579885698,0.0,1.0,197.0
0.647058824,0.5939804120000001,0.57972823,0.0,1.0,198.0
0.117647059,0.8274458020000001,0.578932005,0.0,1.0,200.0
0.117647059,0.9502035879999999,0.5785148489999999,0.0,1.0,202.0
0.382352941,0.6427863979999999,0.578320497,0.0,1.0,203.0
0.294117647,0.939033785,0.578260731,0.0,1.0,205.0
0.161764706,0.942225157,0.577486486,0.0,1.0,210.0
0.470588235,0.694618686,0.57337183,1.0,1.0,227.0
0.117647059,0.961428414,0.572851251,1.0,1.0,228.0
0.470588235,0.8562781999999999,0.5724402670000001,1.0,1.0,229.0
0.117647059,0.95895235,0.572390588,1.0,1.0,230.0
0.647058824,0.6775613509999999,0.572022358,1.0,1.0,231.0
0.647058824,0.802244965,0.571963496,1.0,1.0,232.0
0.073529412,0.8622757790000001,0.577204066,0.0,1.0,211.0
0.294117647,0.932926158,0.5771244289999999,0.0,1.0,212.0
0.294117647,0.8070320240000001,0.576958078,0.0,1.0,213.0
0.558823529,0.7913502809999999,0.5767765229999999,0.0,1.0,214.0
0.117647059,0.979751293,0.576260158,0.0,1.0,215.0
0.117647059,0.975734566,0.57551286,0.0,1.0,217.0
0.294117647,0.881864202,0.575376468,0.0,1.0,218.0
0.161764706,0.9301199520000001,0.575234355,0.0,1.0,219.0
0.029411765,0.81148894,0.575051294,0.0,1.0,220.0
0.117647059,0.969516892,0.5743560839999999,0.0,1.0,224.0
0.294117647,0.917189391,0.574196658,0.0,1.0,225.0
0.147058824,0.9361725540000001,0.5736244420000001,0.0,1.0,226.0
0.470588235,0.47138769700000005,0.570600173,1.0,1.0,233.0
0.117647059,0.9464619790000001,0.5700667979999999,0.0,1.0,234.0
0.088235294,0.9737537140000001,0.569672374,0.0,1.0,235.0
0.647058824,0.410641576,0.5688744929999999,1.0,1.0,239.0
0.25,0.926213272,0.567667585,1.0,1.0,242.0
0.294117647,0.37768240299999994,0.566846521,1.0,1.0,244.0
0.382352941,0.664355673,0.56682951,1.0,1.0,245.0
0.117647059,0.967481017,0.566225378,1.0,1.0,248.0
0.20588235300000002,0.8542423240000001,0.569325521,0.0,1.0,236.0
0.117647059,0.941234731,0.569094286,0.0,1.0,237.0
0.647058824,0.6607241110000001,0.568889848,0.0,1.0,238.0
0.25,0.927258721,0.5678620879999999,0.0,1.0,240.0
0.294117647,0.882579509,0.56775761,0.0,1.0,241.0
0.029411765,0.977110157,0.567104854,0.0,1.0,243.0
0.029411765,0.641740949,0.566726086,0.0,1.0,246.0
0.470588235,0.699515792,0.5665309820000001,0.0,1.0,247.0
0.382352941,0.8244195,0.565601074,1.0,1.0,249.0
1.0,0.705898536,0.565438487,1.0,1.0,250.0
0.117647059,0.961043249,0.565027654,0.0,1.0,251.0
0.294117647,0.8218333879999999,0.564207945,1.0,1.0,252.0
0.029411765,0.918014746,0.563862297,1.0,1.0,253.0
0.294117647,0.818311874,0.563552779,1.0,1.0,254.0
0.647058824,0.628645317,0.562921701,1.0,1.0,255.0
0.073529412,0.9512490370000001,0.5627494789999999,1.0,1.0,256.0
0.294117647,0.730384065,0.562697993,1.0,1.0,257.0
0.029411765,0.9935072079999999,0.56240353,0.0,1.0,258.0
0.161764706,0.943820843,0.562279482,0.0,1.0,259.0
0.382352941,0.764498734,0.562204963,1.0,1.0,260.0
0.073529412,0.9473973809999999,0.5620328920000001,1.0,1.0,261.0
0.088235294,0.886376142,0.561168019,0.0,1.0,262.0
0.20588235300000002,0.934411797,0.5609849579999999,1.0,1.0,263.0
0.602941176,0.912237262,0.56096343,1.0,1.0,264.0
0.382352941,0.881368989,0.5606924520000001,1.0,1.0,265.0
0.294117647,0.885825905,0.560609653,1.0,1.0,266.0
0.382352941,0.876031694,0.5596994670000001,0.0,1.0,267.0
0.294117647,0.958787279,0.558679986,1.0,1.0,268.0
0.470588235,0.697810058,0.558461698,1.0,1.0,269.0
0.294117647,0.8719049190000001,0.5580197020000001,1.0,1.0,270.0
0.102941176,0.895895235,0.557923053,1.0,1.0,271.0
0.558823529,0.77330252,0.557914924,1.0,1.0,272.0
0.294117647,0.8705293279999999,0.557763778,1.0,1.0,273.0
0.088235294,0.907890393,0.557418732,0.0,1.0,274.0
0.470588235,0.6060856170000001,0.556900562,0.0,1.0,275.0
0.8235294120000001,0.66776714,0.556520289,0.0,1.0,276.0
0.470588235,0.7686805329999999,0.5561430270000001,1.0,1.0,277.0
0.294117647,0.943050512,0.555752216,1.0,1.0,278.0
0.25,0.8606800920000001,0.555475366,1.0,1.0,279.0
0.029411765,0.9549906459999999,0.555237658,1.0,1.0,280.0
0.029411765,0.827555849,0.554784672,0.0,1.0,281.0
0.647058824,0.37603169399999997,0.554683507,1.0,1.0,282.0
0.117647059,0.861780566,0.554312116,1.0,1.0,283.0
0.8235294120000001,0.654616485,0.554073655,1.0,1.0,284.0
0.029411765,0.94783757,0.553906853,0.0,1.0,285.0
0.294117647,0.8489050290000001,0.553740653,1.0,1.0,286.0
0.294117647,0.927974029,0.552947289,0.0,1.0,287.0
0.117647059,0.936612743,0.5527305060000001,0.0,1.0,288.0
0.294117647,0.9265434140000001,0.552681128,0.0,1.0,289.0
0.294117647,0.8009243970000001,0.5525659620000001,0.0,1.0,290.0
0.073529412,0.8963354240000001,0.5525329929999999,0.0,1.0,291.0
0.029411765,0.940134258,0.552473679,0.0,1.0,292.0
0.470588235,0.41537361100000003,0.55242701,0.0,1.0,293.0
0.117647059,0.97474414,0.552072781,0.0,1.0,294.0
0.117647059,0.974193903,0.5519704120000001,0.0,1.0,295.0
0.352941176,0.862826015,0.55177064,1.0,1.0,296.0
0.029411765,0.9774402990000001,0.5516624,1.0,1.0,297.0
0.161764706,0.927423792,0.55147693,1.0,1.0,298.0
0.014705882,0.824034335,0.5513935289999999,0.0,1.0,299.0
0.264705882,0.9431605590000001,0.5503007329999999,1.0,1.0,300.0
0.029411765,0.928249147,0.550262495,1.0,1.0,301.0
0.117647059,0.964894905,0.550240365,0.0,1.0,302.0
0.294117647,0.74579069,0.550060466,0.0,1.0,303.0
0.161764706,0.960107846,0.549805746,1.0,1.0,304.0
0.470588235,0.48393309100000004,0.549678386,1.0,1.0,305.0
0.602941176,0.8469792009999999,0.548822396,1.0,1.0,306.0
0.294117647,0.905634423,0.548791083,0.0,1.0,307.0
0.470588235,0.895730164,0.548772415,1.0,1.0,308.0
0.470588235,0.768625509,0.5483808520000001,1.0,1.0,309.0
0.647058824,0.5467701110000001,0.547689104,1.0,1.0,310.0
0.294117647,0.77434797,0.54762151,0.0,1.0,311.0
0.294117647,0.8123693190000001,0.546943311,1.0,1.0,312.0
0.117647059,0.9035985470000001,0.54658833,1.0,1.0,313.0
0.235294118,0.869098712,0.546553705,1.0,1.0,314.0
0.102941176,0.7512380320000001,0.546513961,0.0,1.0,315.0
0.117647059,0.9442060090000001,0.5463912679999999,0.0,1.0,316.0
0.161764706,0.93655772,0.545424327,1.0,1.0,317.0
0.20588235300000002,0.641740949,0.545294258,0.0,1.0,318.0
0.073529412,0.938703643,0.5449115760000001,0.0,1.0,319.0
0.294117647,0.884670408,0.544890801,0.0,1.0,320.0
0.470588235,0.621602289,0.5442835079999999,1.0,1.0,321.0
0.294117647,0.87823264,0.543693077,1.0,1.0,322.0
0.294117647,0.8357543740000001,0.543542082,1.0,1.0,323.0
0.117647059,0.8454385390000001,0.543519801,0.0,1.0,324.0
0.294117647,0.7853527020000001,0.541916964,0.0,1.0,325.0
0.294117647,0.904423902,0.540813932,1.0,1.0,326.0
0.294117647,0.902167932,0.540394216,1.0,1.0,327.0
0.20588235300000002,0.9058545170000001,0.5401680999999999,1.0,1.0,328.0
0.294117647,0.858314075,0.539987297,1.0,1.0,329.0
0.20588235300000002,0.861065258,0.5395871520000001,1.0,1.0,330.0
0.647058824,0.75030263,0.539043991,1.0,1.0,331.0
0.029411765,0.990315836,0.538553972,0.0,1.0,332.0
0.117647059,0.943215583,0.538455065,1.0,1.0,333.0
0.294117647,0.849895455,0.5384210420000001,1.0,1.0,334.0
0.382352941,0.8853857159999999,0.538183936,1.0,1.0,335.0
0.235294118,0.821998459,0.537790867,0.0,1.0,336.0
0.25,0.8904478929999999,0.537757747,0.0,1.0,337.0
0.294117647,0.8452734679999999,0.5375611379999999,1.0,1.0,338.0
0.117647059,0.938263453,0.537533739,0.0,1.0,339.0
0.294117647,0.928304171,0.5375048339999999,1.0,1.0,340.0
0.514705882,0.872400132,0.537136003,1.0,1.0,341.0
0.161764706,0.891548366,0.5370504939999999,1.0,1.0,342.0
0.470588235,0.9136678770000001,0.5366057879999999,0.0,1.0,343.0
0.161764706,0.96962694,0.536072864,0.0,1.0,344.0
0.161764706,0.8857708809999999,0.535975613,1.0,1.0,345.0
0.25,0.794981842,0.535500498,0.0,1.0,346.0
0.235294118,0.8920435790000001,0.535318641,0.0,1.0,347.0
0.294117647,0.748706944,0.535099149,1.0,1.0,348.0
0.514705882,0.233575437,0.534563966,1.0,1.0,349.0
0.426470588,0.8616705179999999,0.534227803,1.0,1.0,350.0
0.20588235300000002,0.9102013870000001,0.5332248820000001,1.0,1.0,351.0
0.117647059,0.956696379,0.5332111820000001,0.0,1.0,352.0
0.20588235300000002,0.909926268,0.5331736970000001,1.0,1.0,353.0
0.20588235300000002,0.904588973,0.5321807120000001,0.0,1.0,354.0
0.088235294,0.938703643,0.532143678,0.0,1.0,355.0
0.161764706,0.947012215,0.531865474,0.0,1.0,356.0
0.20588235300000002,0.777319247,0.531758437,0.0,1.0,357.0
0.470588235,0.887091449,0.5316613370000001,1.0,1.0,358.0
0.161764706,0.9443160559999999,0.5313638629999999,0.0,1.0,359.0
0.20588235300000002,0.8968856609999999,0.530747537,1.0,1.0,360.0
0.470588235,0.882029273,0.530719536,1.0,1.0,361.0
0.20588235300000002,0.769505888,0.530304789,1.0,1.0,362.0
0.117647059,0.9815670740000001,0.53008635,1.0,1.0,363.0
0.029411765,0.19412347300000002,0.529960044,0.0,1.0,364.0
0.294117647,0.9286893359999999,0.529824555,1.0,1.0,365.0
0.161764706,0.932816111,0.529224338,0.0,1.0,366.0
0.102941176,0.616044899,0.529113689,0.0,1.0,367.0
0.117647059,0.9762297790000001,0.529093365,0.0,1.0,368.0
0.470588235,0.496643557,0.52878731,1.0,1.0,369.0
0.294117647,0.7563002090000001,0.528759911,0.0,1.0,370.0
0.073529412,0.934686915,0.5286604020000001,1.0,1.0,371.0
0.647058824,0.776713987,0.528453856,1.0,1.0,372.0
0.25,0.8398811490000001,0.528349981,0.0,1.0,373.0
0.470588235,0.8667877190000001,0.527883898,0.0,1.0,374.0
0.294117647,0.917849675,0.527807874,0.0,1.0,375.0
0.20588235300000002,0.880213492,0.527645739,0.0,1.0,376.0
0.161764706,0.838450534,0.527171828,1.0,1.0,377.0
0.426470588,0.614669308,0.527033779,0.0,1.0,378.0
0.294117647,0.912677451,0.5268456,1.0,1.0,379.0
0.117647059,0.9641245740000001,0.5268412339999999,1.0,1.0,380.0
0.117647059,0.962088698,0.526462466,1.0,1.0,381.0
0.470588235,0.8585891929999999,0.526358591,1.0,1.0,382.0
0.294117647,0.9091559370000001,0.526190434,1.0,1.0,383.0
0.117647059,0.918234841,0.526055547,1.0,1.0,384.0
0.20588235300000002,0.870694399,0.525874744,0.0,1.0,385.0
0.294117647,0.697755035,0.525619724,1.0,1.0,386.0
0.117647059,0.580994828,0.525328723,0.0,1.0,387.0
0.117647059,0.954220315,0.524998581,0.0,1.0,388.0
0.117647059,0.9536700779999999,0.524896212,0.0,1.0,389.0
0.117647059,0.953064818,0.524783605,1.0,1.0,390.0
0.117647059,0.9527896999999999,0.52473242,1.0,1.0,391.0
0.20588235300000002,0.860845163,0.524042329,1.0,1.0,392.0
0.470588235,0.844338065,0.523707219,0.0,1.0,393.0
0.294117647,0.8528667329999999,0.5234699620000001,0.0,1.0,394.0
0.117647059,0.9455265759999999,0.523381141,0.0,1.0,395.0
0.382352941,0.801529658,0.522582809,0.0,1.0,396.0
0.029411765,0.945746671,0.5225100970000001,0.0,1.0,397.0
0.117647059,0.936227578,0.521651095,0.0,1.0,398.0
0.558823529,0.619016177,0.52145855,1.0,1.0,399.0
0.470588235,0.332067789,0.521424377,0.0,1.0,400.0
0.117647059,0.976064708,0.521310716,1.0,1.0,401.0
0.470588235,0.829866843,0.521014898,0.0,1.0,402.0
0.294117647,0.630406075,0.5208416229999999,0.0,1.0,403.0
0.20588235300000002,0.842412237,0.520612947,1.0,1.0,404.0
0.117647059,0.844448113,0.5200797220000001,0.0,1.0,405.0
0.088235294,0.9566413559999999,0.519977051,0.0,1.0,406.0
0.470588235,0.8241443820000001,0.519950254,0.0,1.0,407.0
0.102941176,0.9410146359999999,0.519805733,0.0,1.0,408.0
0.647058824,0.646142841,0.519665426,0.0,1.0,409.0
0.117647059,0.883569935,0.519606262,0.0,1.0,410.0
0.8235294120000001,0.509904259,0.519398512,1.0,1.0,411.0
0.470588235,0.31979751300000003,0.519141535,0.0,1.0,412.0
0.161764706,0.9609332009999999,0.518951549,1.0,1.0,413.0
0.470588235,0.815945857,0.5184249470000001,1.0,1.0,414.0
0.294117647,0.825024761,0.51829006,1.0,1.0,415.0
0.073529412,0.962253769,0.518285243,0.0,1.0,416.0
0.382352941,0.7782546490000001,0.518252575,1.0,1.0,417.0
0.382352941,0.56960493,0.5181937120000001,1.0,1.0,418.0
0.470588235,0.814570265,0.518169023,0.0,1.0,419.0
0.25,0.8627159679999999,0.5170944439999999,1.0,1.0,420.0
0.294117647,0.606965995,0.516480678,0.0,1.0,421.0
0.470588235,0.888687135,0.516454333,1.0,1.0,422.0
0.117647059,0.9912512379999999,0.516384179,0.0,1.0,423.0
0.161764706,0.86365137,0.516356479,0.0,1.0,424.0
0.470588235,0.8845603609999999,0.515686561,0.0,1.0,425.0
0.117647059,0.944536151,0.515444938,1.0,1.0,426.0
0.073529412,0.945746671,0.515214155,1.0,1.0,427.0
0.20588235300000002,0.812919555,0.515125936,1.0,1.0,428.0
0.20588235300000002,0.9342467259999999,0.514442619,0.0,1.0,429.0
0.029411765,0.980246506,0.513424795,0.0,1.0,430.0
0.161764706,0.930560141,0.5133007470000001,0.0,1.0,431.0
0.294117647,0.963409266,0.5130282629999999,1.0,1.0,432.0
0.647058824,0.526356333,0.51288344,0.0,1.0,433.0
0.294117647,0.9616485090000001,0.51270068,0.0,1.0,434.0
0.294117647,0.7905249259999999,0.511871486,0.0,1.0,435.0
0.117647059,0.882249367,0.511608637,0.0,1.0,436.0
0.294117647,0.8297017720000001,0.511408264,0.0,1.0,437.0
0.20588235300000002,0.87537141,0.51124101,0.0,1.0,438.0
0.294117647,0.9481126879999999,0.5101823879999999,1.0,1.0,439.0
0.294117647,0.946847144,0.509946938,0.0,1.0,440.0
0.470588235,0.7676350829999999,0.509436896,1.0,1.0,441.0
0.20588235300000002,0.9482777590000001,0.509301106,0.0,1.0,442.0
0.25,0.861505447,0.509117293,0.0,1.0,443.0
0.294117647,0.941619897,0.5089744270000001,1.0,1.0,444.0
0.088235294,0.89567514,0.508634499,1.0,1.0,445.0
0.294117647,0.938318477,0.508360209,1.0,1.0,446.0
0.294117647,0.937988335,0.5082987870000001,0.0,1.0,447.0
0.382352941,0.76158248,0.507398838,1.0,1.0,448.0
0.117647059,0.9423902279999999,0.507293759,1.0,1.0,449.0
0.029411765,0.9465720259999999,0.507159775,1.0,1.0,450.0
0.25,0.7249917459999999,0.506975209,1.0,1.0,451.0
0.117647059,0.8984263229999999,0.506866366,0.0,1.0,452.0
0.294117647,0.929844833,0.506783717,1.0,1.0,453.0
0.20588235300000002,0.890007703,0.506212103,1.0,1.0,454.0
0.647058824,0.652800704,0.505400222,1.0,1.0,455.0
0.161764706,0.804005722,0.505259615,1.0,1.0,456.0
0.514705882,0.36667767100000004,0.5050636070000001,1.0,1.0,457.0
0.647058824,0.8175415429999999,0.505041929,1.0,1.0,458.0
0.647058824,0.8168812590000001,0.504919085,0.0,1.0,459.0
0.117647059,0.969902058,0.504660301,1.0,1.0,460.0
0.647058824,0.815175525,0.5046017389999999,1.0,1.0,461.0
0.294117647,0.91190712,0.5034464679999999,1.0,1.0,462.0
0.558823529,0.686145042,0.502939889,0.0,1.0,463.0
0.117647059,0.959667657,0.502756226,1.0,1.0,464.0
0.647058824,0.596566524,0.502689987,1.0,1.0,465.0
0.294117647,0.864201607,0.502322962,1.0,1.0,466.0
0.294117647,0.902498074,0.501695948,0.0,1.0,467.0
0.470588235,0.5155166720000001,0.501290835,0.0,1.0,468.0
0.029411765,0.956146143,0.501189068,0.0,1.0,469.0
0.294117647,0.732970177,0.501163626,0.0,1.0,470.0
0.088235294,0.854132277,0.500905595,1.0,1.0,471.0
0.647058824,0.7948167709999999,0.500814064,0.0,1.0,472.0
0.25,0.316055904,0.500661564,1.0,1.0,473.0
0.294117647,0.8074722129999999,0.499520594,1.0,1.0,474.0
0.470588235,0.755915043,0.499504486,1.0,1.0,475.0
0.382352941,0.842742379,0.49924254,1.0,1.0,476.0
0.514705882,0.5412127210000001,0.498775554,0.0,1.0,477.0
0.117647059,0.8128645320000001,0.49869983100000004,1.0,1.0,478.0
0.20588235300000002,0.9274788159999999,0.49767959700000003,1.0,1.0,479.0
0.073529412,0.9340266309999999,0.497529806,1.0,1.0,480.0
0.294117647,0.8771321670000001,0.49697671,1.0,1.0,481.0
0.058823529000000006,0.9456916470000001,0.496964064,1.0,1.0,482.0
0.20588235300000002,0.881479036,0.49687343700000003,1.0,1.0,483.0
0.294117647,0.5838010339999999,0.496667042,0.0,1.0,484.0
0.073529412,0.8446131840000001,0.496398622,1.0,1.0,485.0
0.647058824,0.686310113,0.496130655,1.0,1.0,486.0
0.382352941,0.908165511,0.49591041,1.0,1.0,487.0
0.102941176,0.937107956,0.49582309399999996,0.0,1.0,488.0
0.20588235300000002,0.957191592,0.495455618,0.0,1.0,489.0
0.20588235300000002,0.95053373,0.494216946,0.0,1.0,490.0
0.20588235300000002,0.949433256,0.494012206,1.0,1.0,491.0
0.20588235300000002,0.907010014,0.493871448,0.0,1.0,492.0
0.294117647,0.858149004,0.493444958,1.0,1.0,493.0
0.294117647,0.649774403,0.493437281,0.0,1.0,494.0
0.20588235300000002,0.9455815999999999,0.49329561899999996,0.0,1.0,495.0
0.073529412,0.95113899,0.492961563,1.0,1.0,496.0
0.117647059,0.90574447,0.492724005,1.0,1.0,497.0
0.029411765,0.99383735,0.49269751,0.0,1.0,498.0
0.33823529399999996,0.722515682,0.491922662,0.0,1.0,499.0
0.029411765,0.947562452,0.49184016399999997,0.0,1.0,500.0
0.294117647,0.390447893,0.491702116,1.0,1.0,501.0
0.044117647,0.9735886429999999,0.49166628700000004,0.0,1.0,502.0
0.0,0.933696489,0.491540432,0.0,1.0,503.0
0.0,0.9287993840000001,0.490629343,0.0,1.0,504.0
0.117647059,0.8942995490000001,0.490594718,0.0,1.0,505.0
0.117647059,0.932320898,0.489916519,0.0,1.0,506.0
0.470588235,0.912402333,0.48985871,1.0,1.0,507.0
0.294117647,0.50330142,0.489442307,0.0,1.0,508.0
0.33823529399999996,0.872345108,0.48879015200000003,1.0,1.0,509.0
0.117647059,0.924617586,0.488483345,1.0,1.0,510.0
0.117647059,0.756520304,0.48821718399999997,1.0,1.0,511.0
0.294117647,0.7860129859999999,0.487776242,1.0,1.0,512.0
0.382352941,0.778694839,0.48732671899999996,1.0,1.0,513.0
0.294117647,0.907725322,0.487164583,1.0,1.0,514.0
0.470588235,0.76818532,0.486283452,1.0,1.0,515.0
0.470588235,0.8095631120000001,0.486229708,1.0,1.0,516.0
0.294117647,0.9434356770000001,0.48605643200000004,0.0,1.0,517.0
0.294117647,0.35688346,0.48545757,0.0,1.0,518.0
0.294117647,0.9398041159999999,0.485380793,0.0,1.0,519.0
0.294117647,0.8536370640000001,0.48485359,1.0,1.0,520.0
0.470588235,0.718223836,0.48474023,1.0,1.0,521.0
0.161764706,0.817431496,0.484501619,0.0,1.0,522.0
0.088235294,0.8904478929999999,0.48440617399999997,0.0,1.0,523.0
0.029411765,0.9902057879999999,0.484269932,0.0,1.0,524.0
0.352941176,0.583250798,0.48425277,0.0,1.0,525.0
0.470588235,0.798448333,0.484161842,1.0,1.0,526.0
0.294117647,0.8059315509999999,0.483730083,0.0,1.0,527.0
0.647058824,0.45130406100000003,0.483416351,0.0,1.0,528.0
0.132352941,0.965225047,0.48327032299999995,1.0,1.0,529.0
0.161764706,0.93490701,0.483101715,1.0,1.0,530.0
0.294117647,0.801199516,0.482849705,1.0,1.0,531.0
0.161764706,0.932430945,0.482641051,1.0,1.0,532.0
0.161764706,0.847089248,0.482267402,1.0,1.0,533.0
0.117647059,0.8901177509999999,0.482064771,0.0,1.0,534.0
0.470588235,0.8699790909999999,0.481966014,1.0,1.0,535.0
0.20588235300000002,0.672389127,0.481228803,0.0,1.0,536.0
0.029411765,0.972323099,0.48094292,0.0,1.0,537.0
0.117647059,0.841862001,0.480838895,0.0,1.0,538.0
0.470588235,0.5699900960000001,0.48041767399999996,1.0,1.0,539.0
0.117647059,0.8792230659999999,0.48003785299999996,1.0,1.0,540.0
0.25,0.9127874990000001,0.479898449,1.0,1.0,541.0
0.382352941,0.696214372,0.479733454,1.0,1.0,542.0
0.294117647,0.784362276,0.479717195,1.0,1.0,543.0
0.20588235300000002,0.913612854,0.47959600700000005,1.0,1.0,544.0
0.20588235300000002,0.8694838779999999,0.479137903,1.0,1.0,545.0
0.20588235300000002,0.785242654,0.478968994,0.0,1.0,546.0
0.20588235300000002,0.78458237,0.47884615,0.0,1.0,547.0
0.20588235300000002,0.8672829320000001,0.478728425,1.0,1.0,548.0
0.029411765,0.917849675,0.47856026799999996,1.0,1.0,549.0
0.088235294,0.896445472,0.477770065,1.0,1.0,550.0
0.117647059,0.949763398,0.47765775899999996,0.0,1.0,551.0
0.161764706,0.9048640920000001,0.477512334,0.0,1.0,552.0
0.117647059,0.947727523,0.477278992,1.0,1.0,553.0
0.029411765,0.910751623,0.4772397,0.0,1.0,554.0
0.294117647,0.937107956,0.477127244,1.0,1.0,555.0
0.029411765,0.9093210079999999,0.476973539,1.0,1.0,556.0
0.161764706,0.9413447779999999,0.47654750100000004,0.0,1.0,557.0
0.470588235,0.6314515239999999,0.476348482,0.0,1.0,558.0
0.029411765,0.9871244640000001,0.475944725,1.0,1.0,559.0
0.20588235300000002,0.9327060640000001,0.475396295,0.0,1.0,560.0
0.8235294120000001,0.605590404,0.47518508200000004,1.0,1.0,561.0
0.117647059,0.935402223,0.474985913,1.0,1.0,562.0
0.088235294,0.9645647629999999,0.474939545,0.0,1.0,563.0
0.20588235300000002,0.929569715,0.474812788,1.0,1.0,564.0
0.294117647,0.840541433,0.474665255,1.0,1.0,565.0
0.117647059,0.9747991640000001,0.47456363799999995,0.0,1.0,566.0
0.117647059,0.9310553540000001,0.474177193,0.0,1.0,567.0
0.470588235,0.574667107,0.47353587799999997,1.0,1.0,568.0
0.073529412,0.8871464729999999,0.473304041,1.0,1.0,569.0
0.20588235300000002,0.836964895,0.47308786,1.0,1.0,570.0
0.470588235,0.48739958200000005,0.472803935,1.0,1.0,571.0
0.029411765,0.7600418179999999,0.47245648100000004,1.0,1.0,572.0
0.161764706,0.8755915040000001,0.472066272,1.0,1.0,573.0
0.470588235,0.5662484870000001,0.47196962299999995,1.0,1.0,574.0
0.294117647,0.9078353690000001,0.471681181,1.0,1.0,575.0
0.073529412,0.960988225,0.471538165,1.0,1.0,576.0
0.470588235,0.521459227,0.471388675,1.0,1.0,577.0
0.20588235300000002,0.952514581,0.47132966200000004,1.0,1.0,578.0
0.602941176,0.7619676459999999,0.47099078899999997,1.0,1.0,579.0
0.294117647,0.944536151,0.470757296,0.0,1.0,580.0
0.117647059,0.952844723,0.470479091,1.0,1.0,581.0
0.088235294,0.939639045,0.470302203,1.0,1.0,582.0
0.117647059,0.909596126,0.470184779,1.0,1.0,583.0
0.294117647,0.939198856,0.469764311,1.0,1.0,584.0
0.102941176,0.797017718,0.469759794,0.0,1.0,585.0
0.20588235300000002,0.942170133,0.469405114,1.0,1.0,586.0
0.20588235300000002,0.772752283,0.46889326600000003,0.0,1.0,587.0
0.235294118,0.657862881,0.468494325,0.0,1.0,588.0
0.382352941,0.552327501,0.46846767899999997,0.0,1.0,589.0
0.073529412,0.85974469,0.468206034,0.0,1.0,590.0
0.470588235,0.671013536,0.468204981,1.0,1.0,591.0
0.25,0.806701882,0.46791352799999997,1.0,1.0,592.0
0.20588235300000002,0.888412017,0.46715554200000003,1.0,1.0,593.0
0.029411765,0.8977660390000001,0.46707184,1.0,1.0,594.0
0.294117647,0.962638935,0.466373318,1.0,1.0,595.0
0.161764706,0.969406845,0.466264475,1.0,1.0,596.0
0.117647059,0.888356994,0.466233312,0.0,1.0,597.0
0.294117647,0.75316386,0.466160901,1.0,1.0,598.0
0.20588235300000002,0.54765049,0.46577355200000004,1.0,1.0,599.0
0.294117647,0.957411687,0.465400806,0.0,1.0,600.0
0.20588235300000002,0.8360845159999999,0.465172131,0.0,1.0,601.0
0.294117647,0.787443601,0.46478658899999997,1.0,1.0,602.0
0.382352941,0.781501045,0.46459299,1.0,1.0,603.0
0.25,0.870364257,0.464253815,1.0,1.0,604.0
0.294117647,0.947342357,0.463527443,1.0,1.0,605.0
0.20588235300000002,0.910311434,0.463477914,1.0,1.0,606.0
0.132352941,0.898151205,0.463039531,1.0,1.0,607.0
0.029411765,1.0,0.462836297,0.0,1.0,608.0
0.117647059,0.953174865,0.462788575,1.0,1.0,609.0
0.382352941,0.686145042,0.462356214,0.0,1.0,610.0
0.102941176,0.798888522,0.46235591299999995,0.0,1.0,611.0
0.161764706,0.864751843,0.462297653,1.0,1.0,612.0
0.117647059,0.948552878,0.46192867,1.0,1.0,613.0
0.323529412,0.575437438,0.46182329,1.0,1.0,614.0
0.294117647,0.937713217,0.461735975,1.0,1.0,615.0
0.073529412,0.908165511,0.46171068299999996,0.0,1.0,616.0
0.029411765,0.868108287,0.46155411799999996,0.0,1.0,617.0
0.20588235300000002,0.6909871240000001,0.461433081,1.0,1.0,618.0
0.25,0.852921756,0.46100869899999997,1.0,1.0,619.0
0.029411765,0.9456916470000001,0.46048435600000004,1.0,1.0,620.0
0.117647059,0.9793111040000001,0.459899193,1.0,1.0,621.0
0.029411765,0.94228018,0.459849664,0.0,1.0,622.0
0.117647059,0.9360074829999999,0.45959464299999997,0.0,1.0,623.0
0.117647059,0.9761197309999999,0.459305449,0.0,1.0,624.0
0.294117647,0.7148123690000001,0.459025739,1.0,1.0,625.0
0.029411765,0.937713217,0.45899999700000005,1.0,1.0,626.0
0.529411765,0.683724001,0.458257817,1.0,1.0,627.0
0.33823529399999996,0.53983713,0.457935955,1.0,1.0,628.0
0.117647059,0.926158248,0.457762228,0.0,1.0,629.0
0.176470588,0.949103114,0.45747107600000003,0.0,1.0,630.0
0.33823529399999996,0.825795092,0.45687387,1.0,1.0,631.0
0.647058824,0.64190602,0.456861676,1.0,1.0,632.0
0.117647059,0.921316166,0.456861375,0.0,1.0,633.0
0.20588235300000002,0.6637504129999999,0.456365786,0.0,1.0,634.0
0.647058824,0.553868163,0.455986416,1.0,1.0,635.0
0.470588235,0.728788379,0.455697975,1.0,1.0,636.0
0.117647059,0.914493232,0.45559199200000006,0.0,1.0,637.0
0.647058824,0.342247166,0.455374758,0.0,1.0,638.0
0.073529412,0.998569385,0.455274195,1.0,1.0,639.0
0.029411765,0.9165841309999999,0.455069004,1.0,1.0,640.0
0.647058824,0.798393309,0.454967839,0.0,1.0,641.0
0.088235294,0.8570485309999999,0.454936526,1.0,1.0,642.0
0.294117647,0.9005172220000001,0.45481579,1.0,1.0,643.0
0.117647059,0.951964345,0.45481142399999996,1.0,1.0,644.0
0.147058824,0.795146913,0.45436385799999995,1.0,1.0,645.0
0.8235294120000001,0.241939034,0.454040641,1.0,1.0,646.0
0.161764706,0.9442060090000001,0.453824009,1.0,1.0,647.0
0.073529412,0.8653571040000001,0.453746328,1.0,1.0,648.0
0.735294118,0.494552658,0.453614904,0.0,1.0,649.0
0.647058824,0.45653130799999997,0.45338111,0.0,1.0,650.0
0.029411765,0.8201826790000001,0.452637726,1.0,1.0,651.0
0.294117647,0.888081875,0.45250223700000003,1.0,1.0,652.0
0.294117647,0.887036426,0.45230773399999996,0.0,1.0,653.0
0.20588235300000002,0.890612964,0.45206114399999997,1.0,1.0,654.0
0.073529412,0.938593595,0.451867846,1.0,1.0,655.0
0.029411765,0.8993067020000001,0.451854598,1.0,1.0,656.0
0.117647059,0.936062507,0.45185294200000004,1.0,1.0,657.0
0.102941176,0.950258611,0.4517581,0.0,1.0,658.0
0.294117647,0.883074722,0.451570673,0.0,1.0,659.0
0.029411765,0.938868714,0.451463035,0.0,1.0,660.0
0.20588235300000002,0.8861010229999999,0.45122171299999997,1.0,1.0,661.0
0.470588235,0.8294816770000001,0.45117579799999996,1.0,1.0,662.0
0.20588235300000002,0.8019148229999999,0.451063041,1.0,1.0,663.0
0.117647059,0.9314955429999999,0.451003275,0.0,1.0,664.0
0.294117647,0.8795532079999999,0.45091550799999996,0.0,1.0,665.0
0.294117647,0.7544844279999999,0.45090271200000004,0.0,1.0,666.0
0.294117647,0.7925608009999999,0.45023475,1.0,1.0,667.0
0.088235294,0.9560911190000001,0.45010724,1.0,1.0,668.0
0.20588235300000002,0.878287664,0.449768065,1.0,1.0,669.0
0.20588235300000002,0.6693078020000001,0.449647781,1.0,1.0,670.0
0.161764706,0.9190601959999999,0.44914571799999997,0.0,1.0,671.0
0.20588235300000002,0.956036096,0.448729014,1.0,1.0,672.0
0.470588235,0.604820073,0.44813798,0.0,1.0,673.0
0.029411765,0.754264334,0.448125786,0.0,1.0,674.0
0.088235294,0.9429404640000001,0.447660606,0.0,1.0,675.0
0.117647059,0.9545504570000001,0.44754062299999997,1.0,1.0,676.0
0.088235294,0.9417299440000001,0.44743539299999996,1.0,1.0,677.0
0.161764706,0.99218664,0.447246762,1.0,1.0,678.0
0.132352941,0.936227578,0.44686769299999995,0.0,1.0,679.0
0.117647059,0.819687466,0.44570564799999995,0.0,1.0,680.0
0.20588235300000002,0.939749092,0.445698873,1.0,1.0,681.0
0.25,0.8490700999999999,0.444788236,1.0,1.0,682.0
0.073529412,0.816936283,0.44473780399999996,1.0,1.0,683.0
0.0,0.9310553540000001,0.44453743,0.0,1.0,684.0
0.294117647,0.9283591940000001,0.444491815,1.0,1.0,685.0
0.117647059,0.937493122,0.444367165,1.0,1.0,686.0
0.25,0.8878617809999999,0.444253355,1.0,1.0,687.0
0.558823529,0.827005612,0.443875189,0.0,1.0,688.0
0.20588235300000002,0.928304171,0.443569586,0.0,1.0,689.0
0.294117647,0.838725652,0.443319684,1.0,1.0,690.0
0.117647059,0.8898976559999999,0.44326413299999995,0.0,1.0,691.0
0.294117647,0.962198745,0.44303560799999997,1.0,1.0,692.0
0.117647059,0.679322109,0.44284697700000003,1.0,1.0,693.0
0.029411765,0.849895455,0.442661808,1.0,1.0,694.0
0.161764706,0.8839000770000001,0.44260430100000003,0.0,1.0,695.0
0.20588235300000002,0.838230439,0.442315558,1.0,1.0,696.0
0.235294118,0.890778035,0.442059935,1.0,1.0,697.0
0.029411765,0.9706723890000001,0.44187612200000004,1.0,1.0,698.0
0.647058824,0.602399032,0.441759601,0.0,1.0,699.0
0.294117647,0.8294816770000001,0.441599874,1.0,1.0,700.0
0.117647059,0.92258171,0.441592949,1.0,1.0,701.0
0.029411765,0.9259931770000001,0.44131564799999995,0.0,1.0,702.0
0.20588235300000002,0.9147133270000001,0.441041057,1.0,1.0,703.0
0.20588235300000002,0.913777925,0.440867028,1.0,1.0,704.0
0.088235294,0.9463519309999999,0.44054336,0.0,1.0,705.0
0.20588235300000002,0.911191812,0.44038589100000003,1.0,1.0,706.0
0.470588235,0.560966215,0.43997912299999997,1.0,1.0,707.0
0.647058824,0.46572026,0.439586806,1.0,1.0,708.0
0.20588235300000002,0.906844943,0.439577171,1.0,1.0,709.0
0.20588235300000002,0.98993067,0.439531105,1.0,1.0,710.0
0.20588235300000002,0.906459778,0.43950551299999996,1.0,1.0,711.0
0.0,0.980686695,0.43826729200000003,1.0,1.0,712.0
0.117647059,0.821228128,0.438240345,1.0,1.0,713.0
0.470588235,0.6348079670000001,0.43821324700000003,1.0,1.0,714.0
0.558823529,0.795587102,0.438029885,1.0,1.0,715.0
0.161764706,0.81600088,0.43772383,0.0,1.0,716.0
0.294117647,0.806977,0.43741295799999996,1.0,1.0,717.0
0.161764706,0.938923737,0.437337385,1.0,1.0,718.0
0.294117647,0.7647188290000001,0.43730291,0.0,1.0,719.0
0.294117647,0.847529438,0.43720565899999997,1.0,1.0,720.0
0.117647059,0.9751843290000001,0.43587560700000005,1.0,1.0,721.0
0.029411765,0.938153406,0.43582607799999995,0.0,1.0,722.0
0.117647059,0.974854187,0.435814185,1.0,1.0,723.0
0.161764706,0.929459668,0.43557662799999997,1.0,1.0,724.0
0.20588235300000002,0.800704303,0.435333951,0.0,1.0,725.0
0.117647059,0.971992957,0.435281863,1.0,1.0,726.0
0.33823529399999996,0.875096291,0.435038435,1.0,1.0,727.0
0.117647059,0.970012105,0.43491333299999996,0.0,1.0,728.0
0.0,0.8277759440000001,0.433074594,0.0,1.0,729.0
0.20588235300000002,0.907670298,0.43197878799999995,1.0,1.0,730.0
0.470588235,0.225927149,0.43190983899999996,0.0,1.0,731.0
0.088235294,0.899911962,0.431903366,1.0,1.0,732.0
0.073529412,0.9885550790000001,0.430155254,1.0,1.0,733.0
0.073529412,0.9048090679999999,0.430078477,1.0,1.0,734.0
0.117647059,0.94272037,0.429835801,0.0,1.0,735.0
0.558823529,0.667712116,0.429743066,1.0,1.0,736.0
0.073529412,0.902057885,0.429566629,1.0,1.0,737.0
0.470588235,0.503631562,0.42931221,1.0,1.0,738.0
0.117647059,0.896995708,0.429080825,0.0,1.0,739.0
0.8235294120000001,0.60614064,0.42877582399999997,1.0,1.0,740.0
0.117647059,0.8525365909999999,0.428561299,1.0,1.0,741.0
0.20588235300000002,0.80576648,0.428523814,0.0,1.0,742.0
0.470588235,0.581545064,0.42830387,1.0,1.0,743.0
0.029411765,0.977330252,0.42761091799999995,0.0,1.0,744.0
0.25,0.923131947,0.427559432,0.0,1.0,745.0
0.117647059,0.92753384,0.4270104,1.0,1.0,746.0
0.20588235300000002,0.9600528229999999,0.42622049799999995,1.0,1.0,747.0
0.735294118,0.136403654,0.42574222100000003,0.0,1.0,748.0
0.073529412,0.8379553209999999,0.42539250799999995,1.0,1.0,749.0
0.294117647,0.866072411,0.42515163899999997,0.0,1.0,750.0
0.647058824,0.7176736,0.42444634200000003,0.0,1.0,751.0
0.117647059,0.8719049190000001,0.424412771,0.0,1.0,752.0
0.20588235300000002,0.908495653,0.424380404,0.0,1.0,753.0
0.382352941,0.8954550459999999,0.42377823,1.0,1.0,754.0
0.20588235300000002,0.946792121,0.42375339,0.0,1.0,755.0
0.294117647,0.730274018,0.423142635,1.0,1.0,756.0
0.647058824,0.0,0.422708618,1.0,1.0,757.0
0.117647059,0.9030483109999999,0.42245495200000005,0.0,1.0,758.0
0.029411765,0.989105315,0.422049689,1.0,1.0,759.0
0.117647059,0.8970507320000001,0.421339124,1.0,1.0,760.0
0.117647059,0.9361725540000001,0.420865664,1.0,1.0,761.0
0.20588235300000002,0.9309453059999999,0.420805146,1.0,1.0,762.0
0.029411765,0.89732585,0.420478316,0.0,1.0,763.0
0.029411765,0.976780015,0.41975661,0.0,1.0,764.0
0.073529412,0.932430945,0.419713555,1.0,1.0,765.0
0.161764706,0.885715858,0.419686306,1.0,1.0,766.0
0.294117647,0.835809398,0.419521311,1.0,1.0,767.0
0.470588235,0.782106306,0.419105961,1.0,1.0,768.0
0.044117647,0.872014966,0.41850529200000003,0.0,1.0,769.0
0.147058824,0.96962694,0.417057816,1.0,1.0,770.0
0.294117647,0.321613294,0.416880175,0.0,1.0,771.0
0.382352941,0.857983933,0.41680686,1.0,1.0,772.0
0.294117647,0.944536151,0.41649373,1.0,1.0,773.0
0.294117647,0.6943985909999999,0.416468137,1.0,1.0,774.0
0.117647059,0.9951028940000001,0.41632557299999995,0.0,1.0,775.0
0.117647059,0.91025641,0.416044056,0.0,1.0,776.0
0.294117647,0.938043359,0.41528576899999997,1.0,1.0,777.0
0.294117647,0.93776824,0.41523458399999996,0.0,1.0,778.0
0.294117647,0.686750303,0.4150452,0.0,1.0,779.0
0.602941176,0.7526136240000001,0.41498694,1.0,1.0,780.0
0.294117647,0.9360074829999999,0.414907001,1.0,1.0,781.0
0.117647059,0.9443160559999999,0.41462879700000005,1.0,1.0,782.0
0.294117647,0.93265104,0.41428254600000003,1.0,1.0,783.0
0.294117647,0.9294046440000001,0.413678566,0.0,1.0,784.0
0.117647059,0.850390668,0.41265818200000004,1.0,1.0,785.0
0.20588235300000002,0.842962474,0.412188185,1.0,1.0,786.0
0.117647059,0.9716077909999999,0.41195439100000003,0.0,1.0,787.0
0.161764706,0.7593815340000001,0.41168612200000004,0.0,1.0,788.0
0.029411765,0.929129526,0.410891403,0.0,1.0,789.0
0.470588235,0.48706944,0.410727009,1.0,1.0,790.0
0.294117647,0.661439419,0.410336198,1.0,1.0,791.0
0.382352941,0.8213931990000001,0.409999282,1.0,1.0,792.0
0.294117647,0.9071200620000001,0.40953259700000005,1.0,1.0,793.0
0.647058824,0.220259712,0.40942360299999997,1.0,1.0,794.0
0.294117647,0.9015626720000001,0.408498664,1.0,1.0,795.0
0.117647059,0.94948828,0.40783913299999996,1.0,1.0,796.0
0.20588235300000002,0.608011445,0.407236055,0.0,1.0,797.0
0.20588235300000002,0.816220975,0.40721302200000004,0.0,1.0,798.0
0.088235294,0.8921536259999999,0.40720414,1.0,1.0,799.0
0.352941176,0.793331132,0.407058414,0.0,1.0,800.0
0.558823529,0.502971278,0.406845546,0.0,1.0,801.0
0.073529412,0.946406955,0.40680986700000005,1.0,1.0,802.0
0.647058824,0.747221305,0.406687776,1.0,1.0,803.0
0.117647059,0.9398041159999999,0.406037428,0.0,1.0,804.0
0.117647059,0.895950259,0.405630509,0.0,1.0,805.0
0.073529412,0.8972158029999999,0.405409962,0.0,1.0,806.0
0.073529412,0.977770441,0.404892996,1.0,1.0,807.0
0.073529412,0.9702872240000001,0.403500769,0.0,1.0,808.0
0.294117647,0.537911302,0.40285809899999997,1.0,1.0,809.0
0.073529412,0.881368989,0.40246171799999997,1.0,1.0,810.0
0.20588235300000002,0.9564212609999999,0.402289044,1.0,1.0,811.0
0.25,0.8259051390000001,0.401718786,1.0,1.0,812.0
0.20588235300000002,0.9533399359999999,0.401715775,0.0,1.0,813.0
0.029411765,0.962473864,0.401591125,1.0,1.0,814.0
0.088235294,0.611643006,0.401527746,0.0,1.0,815.0
0.058823529000000006,0.971937933,0.4010719,0.0,1.0,816.0
0.294117647,0.652360515,0.400895162,1.0,1.0,817.0
0.20588235300000002,0.946847144,0.400507813,1.0,1.0,818.0
0.20588235300000002,0.945251458,0.400210942,1.0,1.0,819.0
0.161764706,0.8180917790000001,0.399353145,1.0,1.0,820.0
0.117647059,0.816220975,0.39854909200000005,1.0,1.0,821.0
0.470588235,0.7959172440000001,0.39841962399999997,1.0,1.0,822.0
0.073529412,0.940189281,0.39790115200000004,1.0,1.0,823.0
0.294117647,0.84290745,0.397586065,1.0,1.0,824.0
0.33823529399999996,0.798338285,0.397502061,0.0,1.0,825.0
0.073529412,0.896225377,0.397473759,1.0,1.0,826.0
0.117647059,0.891933531,0.39713127299999995,1.0,1.0,827.0
0.294117647,0.839826125,0.397012795,1.0,1.0,828.0
0.117647059,0.932100803,0.396852315,1.0,1.0,829.0
0.294117647,0.588918235,0.396843885,1.0,1.0,830.0
0.647058824,0.151425113,0.396617166,1.0,1.0,831.0
0.161764706,0.7959172440000001,0.39522765,1.0,1.0,832.0
0.20588235300000002,0.914273137,0.39444753299999996,1.0,1.0,833.0
0.20588235300000002,0.8278859909999999,0.39387938200000006,1.0,1.0,834.0
0.647058824,0.344172994,0.393717548,0.0,1.0,835.0
0.20588235300000002,0.907890393,0.39326004600000003,1.0,1.0,836.0
0.294117647,0.943215583,0.39299222899999997,1.0,1.0,837.0
0.161764706,0.9436007479999999,0.391695898,1.0,1.0,838.0
0.20588235300000002,0.898206229,0.391458341,0.0,1.0,839.0
0.029411765,0.94723231,0.391003549,0.0,1.0,840.0
0.20588235300000002,0.8944095959999999,0.390751991,1.0,1.0,841.0
0.029411765,0.945636624,0.390706677,0.0,1.0,842.0
0.294117647,0.930340046,0.39059678,0.0,1.0,843.0
0.161764706,0.937493122,0.390559596,0.0,1.0,844.0
0.117647059,0.856443271,0.39052843299999995,0.0,1.0,845.0
0.117647059,0.9785957959999999,0.389998671,1.0,1.0,846.0
0.117647059,0.8942995490000001,0.389819524,1.0,1.0,847.0
0.117647059,0.9766699679999999,0.38964037700000004,1.0,1.0,848.0
0.073529412,0.9372180040000001,0.38959641799999994,1.0,1.0,849.0
0.117647059,0.975404424,0.389404927,0.0,1.0,850.0
0.161764706,0.930450094,0.389249265,1.0,1.0,851.0
0.044117647,0.8808737759999999,0.389145691,1.0,1.0,852.0
0.117647059,0.971057555,0.388596207,1.0,1.0,853.0
0.073529412,0.972763288,0.388457557,1.0,1.0,854.0
0.161764706,0.75751073,0.388082252,1.0,1.0,855.0
0.647058824,0.312259271,0.38778011100000004,0.0,1.0,856.0
0.117647059,0.965004952,0.387470142,1.0,1.0,857.0
0.117647059,0.9642346209999999,0.38732682399999996,1.0,1.0,858.0
0.117647059,0.9164740840000001,0.386193081,1.0,1.0,859.0
0.20588235300000002,0.867448003,0.38573588,1.0,1.0,860.0
0.117647059,0.871959943,0.385663318,0.0,1.0,861.0
0.161764706,0.868988665,0.385566519,1.0,1.0,862.0
0.117647059,0.8240893579999999,0.384509101,0.0,1.0,863.0
0.088235294,0.935732365,0.38430406100000003,0.0,1.0,864.0
0.117647059,0.817156377,0.38321924399999996,1.0,1.0,865.0
0.088235294,0.9286893359999999,0.38299373,1.0,1.0,866.0
0.0,0.931550567,0.382614059,1.0,1.0,867.0
0.088235294,0.92588313,0.382471645,0.0,1.0,868.0
0.029411765,0.900242104,0.382261185,1.0,1.0,869.0
0.294117647,0.843622758,0.38221526899999997,1.0,1.0,870.0
0.029411765,0.981291956,0.381836351,1.0,1.0,871.0
0.382352941,0.9193903379999999,0.38171968,1.0,1.0,872.0
0.073529412,0.93551227,0.381527135,1.0,1.0,873.0
0.117647059,0.93160559,0.381256307,1.0,1.0,874.0
0.117647059,0.92934962,0.380836591,1.0,1.0,875.0
0.20588235300000002,0.966105425,0.380834935,1.0,1.0,876.0
0.117647059,0.927148674,0.380427113,0.0,1.0,877.0
0.117647059,0.672664246,0.37959280100000004,1.0,1.0,878.0
0.382352941,0.7799603829999999,0.379035037,1.0,1.0,879.0
0.20588235300000002,0.820677891,0.37703446399999996,1.0,1.0,880.0
0.470588235,0.804445912,0.376750539,0.0,1.0,881.0
0.20588235300000002,0.8561681520000001,0.375885365,1.0,1.0,882.0
0.117647059,0.902167932,0.37577953299999994,1.0,1.0,883.0
0.382352941,0.802905249,0.375551911,1.0,1.0,884.0
0.117647059,0.899691868,0.37531887,1.0,1.0,885.0
0.073529412,0.937383075,0.374123253,1.0,1.0,886.0
0.470588235,0.405524375,0.37230002100000004,1.0,1.0,887.0
0.058823529000000006,0.93595246,0.371121114,1.0,1.0,888.0
0.161764706,0.829811819,0.370525865,1.0,1.0,889.0
0.294117647,0.945031363,0.370074235,1.0,1.0,890.0
0.20588235300000002,0.906954991,0.36983020299999997,0.0,1.0,891.0
0.294117647,0.90018708,0.36948305,1.0,1.0,892.0
0.294117647,0.940409376,0.36921433,0.0,1.0,893.0
0.117647059,0.9500385170000001,0.36918181200000005,1.0,1.0,894.0
0.382352941,0.7257620779999999,0.368951631,1.0,1.0,895.0
0.294117647,0.854407395,0.36871783700000005,1.0,1.0,896.0
0.33823529399999996,0.7647188290000001,0.367991465,1.0,1.0,897.0
0.117647059,0.978540773,0.36673262,0.0,1.0,898.0
0.161764706,0.933476395,0.36655648399999996,0.0,1.0,899.0
0.25,0.8861560470000001,0.366416629,1.0,1.0,900.0
0.117647059,0.9751843290000001,0.366108165,0.0,1.0,901.0
0.117647059,0.9737537140000001,0.365842004,1.0,1.0,902.0
0.029411765,0.928854407,0.36432859,1.0,1.0,903.0
0.058823529000000006,0.963849455,0.36080737700000004,1.0,1.0,904.0
0.117647059,0.94618686,0.36071328700000005,1.0,1.0,905.0
0.470588235,0.794211511,0.35934258799999996,1.0,1.0,906.0
0.029411765,0.9852536590000001,0.35931759799999996,1.0,1.0,907.0
0.6323529410000001,0.423792231,0.359282823,0.0,1.0,908.0
0.044117647,0.88560581,0.35901831799999995,0.0,1.0,909.0
0.294117647,0.883955101,0.358711209,1.0,1.0,910.0
0.20588235300000002,0.845988775,0.35848765200000005,0.0,1.0,911.0
0.161764706,0.636843843,0.35788066,1.0,1.0,912.0
0.470588235,0.69197755,0.35582619299999996,1.0,1.0,913.0
0.20588235300000002,0.955705954,0.355644336,1.0,1.0,914.0
0.161764706,0.9159238470000001,0.355538956,1.0,1.0,915.0
0.20588235300000002,0.9517992740000001,0.35491751200000005,1.0,1.0,916.0
0.117647059,0.9114119070000001,0.354243529,1.0,1.0,917.0
0.117647059,0.90800044,0.353608837,0.0,1.0,918.0
0.20588235300000002,0.942500275,0.353187466,1.0,1.0,919.0
0.117647059,0.817596567,0.352293388,0.0,1.0,920.0
0.088235294,0.930064928,0.35224190200000005,1.0,1.0,921.0
0.117647059,0.940519423,0.35190694200000006,1.0,1.0,922.0
0.20588235300000002,0.76097722,0.350423486,1.0,1.0,923.0
0.117647059,0.8478045559999999,0.350161541,1.0,1.0,924.0
0.117647059,0.8876416859999999,0.349821162,0.0,1.0,925.0
0.161764706,0.955816001,0.347456876,1.0,1.0,926.0
0.029411765,0.962528887,0.34733779600000003,1.0,1.0,927.0
0.294117647,0.9451964340000001,0.34684913100000003,1.0,1.0,928.0
0.470588235,0.749917465,0.343349898,1.0,1.0,929.0
0.294117647,0.8003741609999999,0.34316126700000005,0.0,1.0,930.0
0.029411765,0.938153406,0.342802822,0.0,1.0,931.0
0.294117647,0.9224716629999999,0.342621267,1.0,1.0,932.0
0.117647059,0.972983383,0.342442873,1.0,1.0,933.0
0.117647059,0.971772862,0.34221766,1.0,1.0,934.0
0.029411765,0.976174755,0.342124624,1.0,1.0,935.0
0.132352941,0.9148783979999999,0.342120559,1.0,1.0,936.0
0.029411765,0.97474414,0.34185846299999995,1.0,1.0,937.0
0.294117647,0.666336525,0.34147984600000003,1.0,1.0,938.0
0.294117647,0.913447783,0.34094240600000003,1.0,1.0,939.0
0.117647059,0.9628040059999999,0.340549035,0.0,1.0,940.0
0.25,0.829041488,0.34028678799999995,1.0,1.0,941.0
0.117647059,0.9583470890000001,0.33971984200000005,1.0,1.0,942.0
0.470588235,0.14124573599999998,0.33863577799999994,0.0,1.0,943.0
0.20588235300000002,0.933806537,0.33606615,1.0,1.0,944.0
0.294117647,0.8853857159999999,0.33572155600000003,1.0,1.0,945.0
0.117647059,0.9313304720000001,0.334693494,1.0,1.0,946.0
0.20588235300000002,0.29976890100000003,0.334384729,0.0,1.0,947.0
0.073529412,0.963244195,0.332422997,1.0,1.0,948.0
0.294117647,0.866347529,0.332179568,1.0,1.0,949.0
0.088235294,0.9436007479999999,0.33150438,1.0,1.0,950.0
0.029411765,0.98993067,0.32917998800000003,1.0,1.0,951.0
0.117647059,0.8955100690000001,0.32802923300000003,1.0,1.0,952.0
0.294117647,0.635633322,0.328015684,0.0,1.0,953.0
0.088235294,0.796467481,0.327386563,0.0,1.0,954.0
0.117647059,0.847749532,0.32689549,1.0,1.0,955.0
0.470588235,0.409926268,0.32660735,1.0,1.0,956.0
0.294117647,0.7105205240000001,0.32644431100000004,1.0,1.0,957.0
0.25,0.871794872,0.324985092,0.0,1.0,958.0
0.073529412,0.921866403,0.324724803,1.0,1.0,959.0
0.294117647,0.9476724990000001,0.324053981,1.0,1.0,960.0
0.470588235,0.882579509,0.32151958,1.0,1.0,961.0
0.029411765,0.947507428,0.321287292,0.0,1.0,962.0
0.117647059,0.942500275,0.321267721,1.0,1.0,963.0
0.029411765,0.939363926,0.319772222,1.0,1.0,964.0
0.33823529399999996,0.874656102,0.318677469,1.0,1.0,965.0
0.117647059,0.967756135,0.318214548,1.0,1.0,966.0
0.117647059,0.942830417,0.313577205,1.0,1.0,967.0
0.294117647,0.889677561,0.313264225,0.0,1.0,968.0
0.117647059,0.93265104,0.311683367,1.0,1.0,969.0
0.20588235300000002,0.951524155,0.308354699,1.0,1.0,970.0
0.294117647,0.841917024,0.304378544,1.0,1.0,971.0
0.294117647,0.840486409,0.304112383,1.0,1.0,972.0
0.161764706,0.965665236,0.302777664,1.0,1.0,973.0
0.470588235,0.516672169,0.29995542399999997,1.0,1.0,974.0
0.382352941,0.35358204,0.299708834,1.0,1.0,975.0
0.029411765,0.955981072,0.29960797,0.0,1.0,976.0
0.20588235300000002,0.900902388,0.298936696,1.0,1.0,977.0
0.117647059,0.9436557720000001,0.298226883,0.0,1.0,978.0
0.161764706,0.93430175,0.296942596,1.0,1.0,979.0
0.20588235300000002,0.8823043909999999,0.295476604,1.0,1.0,980.0
0.294117647,0.9176295809999999,0.295208787,1.0,1.0,981.0
0.161764706,0.912237262,0.292837575,0.0,1.0,982.0
0.294117647,0.651755255,0.292255424,1.0,1.0,983.0
0.029411765,0.988775173,0.290205322,1.0,1.0,984.0
0.117647059,0.940574447,0.289901676,1.0,1.0,985.0
0.102941176,0.9269836029999999,0.284637168,1.0,1.0,986.0
0.117647059,0.911521954,0.28449656100000004,1.0,1.0,987.0
0.029411765,0.9948828000000002,0.283589686,1.0,1.0,988.0
0.117647059,0.903983713,0.283094097,1.0,1.0,989.0
0.20588235300000002,0.9294046440000001,0.280983627,0.0,1.0,990.0
0.073529412,0.928524265,0.279451847,0.0,1.0,991.0
0.117647059,0.657862881,0.276063865,0.0,1.0,992.0
0.117647059,0.979366127,0.273862918,1.0,1.0,993.0
0.117647059,0.602619126,0.273537895,1.0,1.0,994.0
0.117647059,0.871849895,0.25385989800000003,1.0,1.0,995.0
0.382352941,0.601903819,0.252884979,0.0,1.0,996.0
0.117647059,0.980246506,0.250770896,1.0,1.0,997.0
0.20588235300000002,0.97248817,0.219231725,1.0,1.0,998.0
0.20588235300000002,0.877682403,0.201593443,1.0,1.0,999.0
0.029411765,0.212886541,0.184613638,1.0,1.0,1000.0
