DurationMonth,CreditAmount,score,age35,query_id,doc_id
0.20588235300000002,0.7955320790000001,0.744449197,1.0,1.0,3.0
0.117647059,0.8147353359999999,0.731606027,1.0,1.0,4.0
0.470588235,0.568834599,0.7902802170000001,0.0,1.0,1.0
0.647058824,0.76037196,0.7114599909999999,1.0,1.0,8.0
0.235294118,0.778694839,0.700277015,1.0,1.0,10.0
0.33823529399999996,0.8793881370000001,0.761418313,0.0,1.0,2.0
0.294117647,0.814515242,0.686877437,1.0,1.0,17.0
0.161764706,0.813304721,0.669780358,1.0,1.0,24.0
0.20588235300000002,0.722020469,0.72302068,0.0,1.0,5.0
0.382352941,0.849180147,0.663230962,1.0,1.0,28.0
0.117647059,0.861945637,0.662869959,1.0,1.0,29.0
0.8235294120000001,0.637614174,0.72145307,0.0,1.0,6.0
0.382352941,0.67332453,0.66152139,1.0,1.0,31.0
0.029411765,0.940959613,0.661154365,1.0,1.0,33.0
0.117647059,0.962583911,0.7126011109999999,0.0,1.0,7.0
0.602941176,0.363596346,0.66044109,1.0,1.0,35.0
0.073529412,0.941509849,0.653960793,1.0,1.0,43.0
0.33823529399999996,0.7281831190000001,0.710031333,0.0,1.0,9.0
0.294117647,0.7876086720000001,0.650863811,1.0,1.0,51.0
0.029411765,0.966435567,0.6969018290000001,0.0,1.0,11.0
0.470588235,0.649829427,0.6503102629999999,1.0,1.0,52.0
0.647058824,0.845383515,0.649756714,1.0,1.0,53.0
0.073529412,0.950258611,0.694348159,0.0,1.0,12.0
0.294117647,0.859029383,0.648647509,1.0,1.0,56.0
0.073529412,0.9311654009999999,0.644284306,1.0,1.0,60.0
0.382352941,0.595796192,0.6936091409999999,0.0,1.0,13.0
0.426470588,0.7781996259999999,0.642729342,1.0,1.0,61.0
0.294117647,0.907285133,0.6421214470000001,1.0,1.0,62.0
0.8235294120000001,0.443380654,0.6930685390000001,0.0,1.0,14.0
0.647058824,0.615494663,0.6379944470000001,1.0,1.0,71.0
0.161764706,0.8284362279999999,0.633835833,1.0,1.0,78.0
0.029411765,0.9398591390000001,0.691957378,0.0,1.0,15.0
0.33823529399999996,0.685539782,0.6323302470000001,1.0,1.0,79.0
0.8235294120000001,0.455595906,0.6255737029999999,1.0,1.0,89.0
0.25,0.833553428,0.689963428,0.0,1.0,16.0
0.294117647,0.8147353359999999,0.624902881,1.0,1.0,91.0
0.117647059,0.862550897,0.6862383790000001,0.0,1.0,18.0
0.470588235,0.862660944,0.6201393820000001,1.0,1.0,102.0
0.20588235300000002,0.95565093,0.619199991,1.0,1.0,103.0
0.294117647,0.66055904,0.6814902359999999,0.0,1.0,19.0
0.235294118,0.675470452,0.619056974,1.0,1.0,105.0
0.088235294,0.9460217890000001,0.6187765120000001,1.0,1.0,106.0
0.294117647,0.9460217890000001,0.6725840809999999,0.0,1.0,20.0
0.20588235300000002,0.907230109,0.617943404,1.0,1.0,108.0
0.20588235300000002,0.9791460329999999,0.615819235,1.0,1.0,116.0
0.470588235,0.8913282709999999,0.671984466,0.0,1.0,21.0
0.8235294120000001,0.152470562,0.615689918,1.0,1.0,117.0
0.20588235300000002,0.679762298,0.614383501,1.0,1.0,122.0
0.382352941,0.429239573,0.670373801,0.0,1.0,22.0
0.20588235300000002,0.835259161,0.612305398,1.0,1.0,128.0
0.558823529,0.619456366,0.606811764,1.0,1.0,137.0
0.33823529399999996,0.55606911,0.670258184,0.0,1.0,23.0
0.25,0.738472543,0.60250652,1.0,1.0,145.0
0.117647059,0.9743039509999999,0.668269955,0.0,1.0,25.0
0.33823529399999996,0.732199846,0.602251499,1.0,1.0,146.0
0.294117647,0.934411797,0.600656641,1.0,1.0,151.0
0.20588235300000002,0.658413118,0.664675126,0.0,1.0,26.0
0.294117647,0.586882359,0.598015505,1.0,1.0,154.0
0.029411765,0.9340266309999999,0.597849004,1.0,1.0,155.0
0.8235294120000001,0.20039617,0.663366,0.0,1.0,27.0
0.294117647,0.905524375,0.595282237,1.0,1.0,157.0
0.25,0.815725762,0.593623398,1.0,1.0,162.0
0.647058824,0.665401122,0.662783246,0.0,1.0,30.0
0.029411765,0.9060746120000001,0.592648628,1.0,1.0,167.0
0.161764706,0.893474194,0.591672353,1.0,1.0,168.0
0.117647059,0.937107956,0.66134977,0.0,1.0,32.0
0.25,0.9256080109999999,0.590810793,1.0,1.0,170.0
0.294117647,0.7952019370000001,0.5902610079999999,1.0,1.0,172.0
0.058823529000000006,0.949708375,0.66050206,0.0,1.0,34.0
0.073529412,0.954220315,0.586558089,1.0,1.0,181.0
0.25,0.812809508,0.585328901,1.0,1.0,186.0
0.8235294120000001,0.256850446,0.658365245,0.0,1.0,36.0
0.294117647,0.844888302,0.5840011070000001,1.0,1.0,193.0
0.25,0.948387807,0.6570643979999999,0.0,1.0,37.0
0.161764706,0.961483438,0.581069422,1.0,1.0,196.0
0.161764706,0.868988665,0.5793649679999999,1.0,1.0,199.0
0.20588235300000002,0.82546495,0.656994847,0.0,1.0,38.0
0.161764706,0.86590734,0.578791698,1.0,1.0,201.0
0.117647059,0.907340156,0.578292195,1.0,1.0,204.0
0.382352941,0.8937493120000001,0.656019024,0.0,1.0,39.0
0.294117647,0.8139099809999999,0.578237698,1.0,1.0,206.0
0.20588235300000002,0.9015626720000001,0.578129307,1.0,1.0,207.0
0.117647059,0.907285133,0.655801338,0.0,1.0,40.0
0.470588235,0.8859359520000001,0.577957988,1.0,1.0,208.0
0.161764706,0.86034995,0.5777577660000001,1.0,1.0,209.0
0.294117647,0.9743039509999999,0.654590065,0.0,1.0,41.0
0.117647059,0.977880489,0.575912102,1.0,1.0,216.0
0.514705882,0.742324199,0.574951333,1.0,1.0,221.0
0.470588235,0.71151095,0.654033957,0.0,1.0,42.0
0.382352941,0.749037086,0.574832253,1.0,1.0,222.0
0.470588235,0.834984043,0.653749881,0.0,1.0,44.0
0.647058824,0.7333553429999999,0.574650698,1.0,1.0,223.0
0.470588235,0.694618686,0.57337183,1.0,1.0,227.0
0.647058824,0.8623858259999999,0.652919935,0.0,1.0,45.0
0.117647059,0.961428414,0.572851251,1.0,1.0,228.0
0.470588235,0.8562781999999999,0.5724402670000001,1.0,1.0,229.0
0.382352941,0.874986244,0.652528221,0.0,1.0,46.0
0.117647059,0.95895235,0.572390588,1.0,1.0,230.0
0.647058824,0.6775613509999999,0.572022358,1.0,1.0,231.0
0.117647059,0.885495763,0.651747502,0.0,1.0,47.0
0.647058824,0.802244965,0.571963496,1.0,1.0,232.0
0.470588235,0.47138769700000005,0.570600173,1.0,1.0,233.0
0.470588235,0.906294707,0.651513105,0.0,1.0,48.0
0.647058824,0.410641576,0.5688744929999999,1.0,1.0,239.0
0.25,0.926213272,0.567667585,1.0,1.0,242.0
0.470588235,0.904974139,0.651267418,0.0,1.0,49.0
0.294117647,0.37768240299999994,0.566846521,1.0,1.0,244.0
0.117647059,0.9226917570000001,0.6509157489999999,0.0,1.0,50.0
0.382352941,0.664355673,0.56682951,1.0,1.0,245.0
0.117647059,0.967481017,0.566225378,1.0,1.0,248.0
0.470588235,0.43727302700000004,0.649524576,0.0,1.0,54.0
0.382352941,0.8244195,0.565601074,1.0,1.0,249.0
1.0,0.705898536,0.565438487,1.0,1.0,250.0
0.294117647,0.9429404640000001,0.648754997,0.0,1.0,55.0
0.294117647,0.8218333879999999,0.564207945,1.0,1.0,252.0
0.029411765,0.918014746,0.563862297,1.0,1.0,253.0
0.25,0.982337405,0.647876727,0.0,1.0,57.0
0.294117647,0.818311874,0.563552779,1.0,1.0,254.0
0.647058824,0.628645317,0.562921701,1.0,1.0,255.0
0.470588235,0.802740178,0.647751023,0.0,1.0,58.0
0.073529412,0.9512490370000001,0.5627494789999999,1.0,1.0,256.0
0.294117647,0.730384065,0.562697993,1.0,1.0,257.0
0.294117647,0.92588313,0.64558154,0.0,1.0,59.0
0.382352941,0.764498734,0.562204963,1.0,1.0,260.0
0.294117647,0.780400572,0.641770831,0.0,1.0,63.0
0.073529412,0.9473973809999999,0.5620328920000001,1.0,1.0,261.0
0.20588235300000002,0.934411797,0.5609849579999999,1.0,1.0,263.0
0.647058824,0.675745571,0.64145198,0.0,1.0,64.0
0.602941176,0.912237262,0.56096343,1.0,1.0,264.0
0.382352941,0.881368989,0.5606924520000001,1.0,1.0,265.0
0.382352941,0.814460218,0.641267564,0.0,1.0,65.0
0.294117647,0.885825905,0.560609653,1.0,1.0,266.0
0.294117647,0.958787279,0.558679986,1.0,1.0,268.0
0.294117647,0.901947838,0.6411284620000001,0.0,1.0,66.0
0.470588235,0.697810058,0.558461698,1.0,1.0,269.0
0.294117647,0.8719049190000001,0.5580197020000001,1.0,1.0,270.0
0.8235294120000001,0.612248267,0.639214452,0.0,1.0,67.0
0.102941176,0.895895235,0.557923053,1.0,1.0,271.0
0.558823529,0.77330252,0.557914924,1.0,1.0,272.0
0.294117647,0.891438318,0.639173203,0.0,1.0,68.0
0.294117647,0.8705293279999999,0.557763778,1.0,1.0,273.0
0.470588235,0.7686805329999999,0.5561430270000001,1.0,1.0,277.0
0.470588235,0.963739408,0.638944678,0.0,1.0,69.0
0.294117647,0.943050512,0.555752216,1.0,1.0,278.0
0.073529412,0.9428854409999999,0.638712841,0.0,1.0,70.0
0.25,0.8606800920000001,0.555475366,1.0,1.0,279.0
0.029411765,0.9549906459999999,0.555237658,1.0,1.0,280.0
0.294117647,0.880378563,0.637115574,0.0,1.0,72.0
0.647058824,0.37603169399999997,0.554683507,1.0,1.0,282.0
0.117647059,0.861780566,0.554312116,1.0,1.0,283.0
0.117647059,0.92978981,0.636732441,0.0,1.0,73.0
0.8235294120000001,0.654616485,0.554073655,1.0,1.0,284.0
0.294117647,0.8489050290000001,0.553740653,1.0,1.0,286.0
0.294117647,0.710740618,0.6365627779999999,0.0,1.0,74.0
0.352941176,0.862826015,0.55177064,1.0,1.0,296.0
0.029411765,0.9774402990000001,0.5516624,1.0,1.0,297.0
0.382352941,0.9087707709999999,0.6355579,0.0,1.0,75.0
0.161764706,0.927423792,0.55147693,1.0,1.0,298.0
0.264705882,0.9431605590000001,0.5503007329999999,1.0,1.0,300.0
0.20588235300000002,0.914988445,0.6348906910000001,0.0,1.0,76.0
0.029411765,0.928249147,0.550262495,1.0,1.0,301.0
0.088235294,0.9455265759999999,0.634188255,0.0,1.0,77.0
0.161764706,0.960107846,0.549805746,1.0,1.0,304.0
0.470588235,0.48393309100000004,0.549678386,1.0,1.0,305.0
0.161764706,0.7361615490000001,0.632172327,0.0,1.0,80.0
0.602941176,0.8469792009999999,0.548822396,1.0,1.0,306.0
0.470588235,0.895730164,0.548772415,1.0,1.0,308.0
0.470588235,0.591284252,0.631666199,0.0,1.0,81.0
0.470588235,0.768625509,0.5483808520000001,1.0,1.0,309.0
0.647058824,0.5467701110000001,0.547689104,1.0,1.0,310.0
0.294117647,0.851050952,0.631659274,0.0,1.0,82.0
0.294117647,0.8123693190000001,0.546943311,1.0,1.0,312.0
0.117647059,0.9035985470000001,0.54658833,1.0,1.0,313.0
0.470588235,0.666886761,0.630227906,0.0,1.0,83.0
0.235294118,0.869098712,0.546553705,1.0,1.0,314.0
0.161764706,0.93655772,0.545424327,1.0,1.0,317.0
0.25,0.884285243,0.629634464,0.0,1.0,84.0
0.470588235,0.621602289,0.5442835079999999,1.0,1.0,321.0
0.20588235300000002,0.926708485,0.629319226,0.0,1.0,85.0
0.294117647,0.87823264,0.543693077,1.0,1.0,322.0
0.294117647,0.8357543740000001,0.543542082,1.0,1.0,323.0
0.161764706,0.720809948,0.629316215,0.0,1.0,86.0
0.294117647,0.904423902,0.540813932,1.0,1.0,326.0
0.294117647,0.902167932,0.540394216,1.0,1.0,327.0
0.176470588,0.8693188070000001,0.6286739960000001,0.0,1.0,87.0
0.20588235300000002,0.9058545170000001,0.5401680999999999,1.0,1.0,328.0
0.294117647,0.858314075,0.539987297,1.0,1.0,329.0
0.294117647,0.9477825459999999,0.626400036,0.0,1.0,88.0
0.20588235300000002,0.861065258,0.5395871520000001,1.0,1.0,330.0
0.647058824,0.75030263,0.539043991,1.0,1.0,331.0
0.294117647,0.734015627,0.625389136,0.0,1.0,90.0
0.117647059,0.943215583,0.538455065,1.0,1.0,333.0
0.294117647,0.849895455,0.5384210420000001,1.0,1.0,334.0
0.647058824,0.5866072410000001,0.624868105,0.0,1.0,92.0
0.382352941,0.8853857159999999,0.538183936,1.0,1.0,335.0
0.294117647,0.8452734679999999,0.5375611379999999,1.0,1.0,338.0
0.073529412,0.9517992740000001,0.624867352,0.0,1.0,93.0
0.294117647,0.928304171,0.5375048339999999,1.0,1.0,340.0
0.470588235,0.88725652,0.624715303,0.0,1.0,94.0
0.514705882,0.872400132,0.537136003,1.0,1.0,341.0
